/*--------------------------------*- C++ -*----------------------------------*\
  =========                 |
  \\      /  F ield         | OpenFOAM: The Open Source CFD Toolbox
   \\    /   O peration     |
    \\  /    A nd           | Web:      www.OpenFOAM.org
     \\/     M anipulation  |
-------------------------------------------------------------------------------
Description
    Writes out values of fields interpolated to a specified cloud of points.

\*---------------------------------------------------------------------------*/

fields (p U);
points
(
(-0.5 -1.0 0.5)
(-0.4375 -1.0 0.5)
(-0.375 -1.0 0.5)
(-0.3125 -1.0 0.5)
(-0.25 -1.0 0.5)
(-0.1875 -1.0 0.5)
(-0.125 -1.0 0.5)
(-0.0625 -1.0 0.5)
(0.0 -1.0 0.5)
(0.0625 -1.0 0.5)
(0.125 -1.0 0.5)
(0.1875 -1.0 0.5)
(0.25 -1.0 0.5)
(0.3125 -1.0 0.5)
(0.375 -1.0 0.5)
(0.4375 -1.0 0.5)
(0.5 -1.0 0.5)
(0.5625 -1.0 0.5)
(0.625 -1.0 0.5)
(0.6875 -1.0 0.5)
(0.75 -1.0 0.5)
(0.8125 -1.0 0.5)
(0.875 -1.0 0.5)
(0.9375 -1.0 0.5)
(1.0 -1.0 0.5)
(1.0625 -1.0 0.5)
(1.125 -1.0 0.5)
(1.1875 -1.0 0.5)
(1.25 -1.0 0.5)
(1.3125 -1.0 0.5)
(1.375 -1.0 0.5)
(1.4375 -1.0 0.5)
(-0.5 -0.9375 0.5)
(-0.4375 -0.9375 0.5)
(-0.375 -0.9375 0.5)
(-0.3125 -0.9375 0.5)
(-0.25 -0.9375 0.5)
(-0.1875 -0.9375 0.5)
(-0.125 -0.9375 0.5)
(-0.0625 -0.9375 0.5)
(0.0 -0.9375 0.5)
(0.0625 -0.9375 0.5)
(0.125 -0.9375 0.5)
(0.1875 -0.9375 0.5)
(0.25 -0.9375 0.5)
(0.3125 -0.9375 0.5)
(0.375 -0.9375 0.5)
(0.4375 -0.9375 0.5)
(0.5 -0.9375 0.5)
(0.5625 -0.9375 0.5)
(0.625 -0.9375 0.5)
(0.6875 -0.9375 0.5)
(0.75 -0.9375 0.5)
(0.8125 -0.9375 0.5)
(0.875 -0.9375 0.5)
(0.9375 -0.9375 0.5)
(1.0 -0.9375 0.5)
(1.0625 -0.9375 0.5)
(1.125 -0.9375 0.5)
(1.1875 -0.9375 0.5)
(1.25 -0.9375 0.5)
(1.3125 -0.9375 0.5)
(1.375 -0.9375 0.5)
(1.4375 -0.9375 0.5)
(-0.5 -0.875 0.5)
(-0.4375 -0.875 0.5)
(-0.375 -0.875 0.5)
(-0.3125 -0.875 0.5)
(-0.25 -0.875 0.5)
(-0.1875 -0.875 0.5)
(-0.125 -0.875 0.5)
(-0.0625 -0.875 0.5)
(0.0 -0.875 0.5)
(0.0625 -0.875 0.5)
(0.125 -0.875 0.5)
(0.1875 -0.875 0.5)
(0.25 -0.875 0.5)
(0.3125 -0.875 0.5)
(0.375 -0.875 0.5)
(0.4375 -0.875 0.5)
(0.5 -0.875 0.5)
(0.5625 -0.875 0.5)
(0.625 -0.875 0.5)
(0.6875 -0.875 0.5)
(0.75 -0.875 0.5)
(0.8125 -0.875 0.5)
(0.875 -0.875 0.5)
(0.9375 -0.875 0.5)
(1.0 -0.875 0.5)
(1.0625 -0.875 0.5)
(1.125 -0.875 0.5)
(1.1875 -0.875 0.5)
(1.25 -0.875 0.5)
(1.3125 -0.875 0.5)
(1.375 -0.875 0.5)
(1.4375 -0.875 0.5)
(-0.5 -0.8125 0.5)
(-0.4375 -0.8125 0.5)
(-0.375 -0.8125 0.5)
(-0.3125 -0.8125 0.5)
(-0.25 -0.8125 0.5)
(-0.1875 -0.8125 0.5)
(-0.125 -0.8125 0.5)
(-0.0625 -0.8125 0.5)
(0.0 -0.8125 0.5)
(0.0625 -0.8125 0.5)
(0.125 -0.8125 0.5)
(0.1875 -0.8125 0.5)
(0.25 -0.8125 0.5)
(0.3125 -0.8125 0.5)
(0.375 -0.8125 0.5)
(0.4375 -0.8125 0.5)
(0.5 -0.8125 0.5)
(0.5625 -0.8125 0.5)
(0.625 -0.8125 0.5)
(0.6875 -0.8125 0.5)
(0.75 -0.8125 0.5)
(0.8125 -0.8125 0.5)
(0.875 -0.8125 0.5)
(0.9375 -0.8125 0.5)
(1.0 -0.8125 0.5)
(1.0625 -0.8125 0.5)
(1.125 -0.8125 0.5)
(1.1875 -0.8125 0.5)
(1.25 -0.8125 0.5)
(1.3125 -0.8125 0.5)
(1.375 -0.8125 0.5)
(1.4375 -0.8125 0.5)
(-0.5 -0.75 0.5)
(-0.4375 -0.75 0.5)
(-0.375 -0.75 0.5)
(-0.3125 -0.75 0.5)
(-0.25 -0.75 0.5)
(-0.1875 -0.75 0.5)
(-0.125 -0.75 0.5)
(-0.0625 -0.75 0.5)
(0.0 -0.75 0.5)
(0.0625 -0.75 0.5)
(0.125 -0.75 0.5)
(0.1875 -0.75 0.5)
(0.25 -0.75 0.5)
(0.3125 -0.75 0.5)
(0.375 -0.75 0.5)
(0.4375 -0.75 0.5)
(0.5 -0.75 0.5)
(0.5625 -0.75 0.5)
(0.625 -0.75 0.5)
(0.6875 -0.75 0.5)
(0.75 -0.75 0.5)
(0.8125 -0.75 0.5)
(0.875 -0.75 0.5)
(0.9375 -0.75 0.5)
(1.0 -0.75 0.5)
(1.0625 -0.75 0.5)
(1.125 -0.75 0.5)
(1.1875 -0.75 0.5)
(1.25 -0.75 0.5)
(1.3125 -0.75 0.5)
(1.375 -0.75 0.5)
(1.4375 -0.75 0.5)
(-0.5 -0.6875 0.5)
(-0.4375 -0.6875 0.5)
(-0.375 -0.6875 0.5)
(-0.3125 -0.6875 0.5)
(-0.25 -0.6875 0.5)
(-0.1875 -0.6875 0.5)
(-0.125 -0.6875 0.5)
(-0.0625 -0.6875 0.5)
(0.0 -0.6875 0.5)
(0.0625 -0.6875 0.5)
(0.125 -0.6875 0.5)
(0.1875 -0.6875 0.5)
(0.25 -0.6875 0.5)
(0.3125 -0.6875 0.5)
(0.375 -0.6875 0.5)
(0.4375 -0.6875 0.5)
(0.5 -0.6875 0.5)
(0.5625 -0.6875 0.5)
(0.625 -0.6875 0.5)
(0.6875 -0.6875 0.5)
(0.75 -0.6875 0.5)
(0.8125 -0.6875 0.5)
(0.875 -0.6875 0.5)
(0.9375 -0.6875 0.5)
(1.0 -0.6875 0.5)
(1.0625 -0.6875 0.5)
(1.125 -0.6875 0.5)
(1.1875 -0.6875 0.5)
(1.25 -0.6875 0.5)
(1.3125 -0.6875 0.5)
(1.375 -0.6875 0.5)
(1.4375 -0.6875 0.5)
(-0.5 -0.625 0.5)
(-0.4375 -0.625 0.5)
(-0.375 -0.625 0.5)
(-0.3125 -0.625 0.5)
(-0.25 -0.625 0.5)
(-0.1875 -0.625 0.5)
(-0.125 -0.625 0.5)
(-0.0625 -0.625 0.5)
(0.0 -0.625 0.5)
(0.0625 -0.625 0.5)
(0.125 -0.625 0.5)
(0.1875 -0.625 0.5)
(0.25 -0.625 0.5)
(0.3125 -0.625 0.5)
(0.375 -0.625 0.5)
(0.4375 -0.625 0.5)
(0.5 -0.625 0.5)
(0.5625 -0.625 0.5)
(0.625 -0.625 0.5)
(0.6875 -0.625 0.5)
(0.75 -0.625 0.5)
(0.8125 -0.625 0.5)
(0.875 -0.625 0.5)
(0.9375 -0.625 0.5)
(1.0 -0.625 0.5)
(1.0625 -0.625 0.5)
(1.125 -0.625 0.5)
(1.1875 -0.625 0.5)
(1.25 -0.625 0.5)
(1.3125 -0.625 0.5)
(1.375 -0.625 0.5)
(1.4375 -0.625 0.5)
(-0.5 -0.5625 0.5)
(-0.4375 -0.5625 0.5)
(-0.375 -0.5625 0.5)
(-0.3125 -0.5625 0.5)
(-0.25 -0.5625 0.5)
(-0.1875 -0.5625 0.5)
(-0.125 -0.5625 0.5)
(-0.0625 -0.5625 0.5)
(0.0 -0.5625 0.5)
(0.0625 -0.5625 0.5)
(0.125 -0.5625 0.5)
(0.1875 -0.5625 0.5)
(0.25 -0.5625 0.5)
(0.3125 -0.5625 0.5)
(0.375 -0.5625 0.5)
(0.4375 -0.5625 0.5)
(0.5 -0.5625 0.5)
(0.5625 -0.5625 0.5)
(0.625 -0.5625 0.5)
(0.6875 -0.5625 0.5)
(0.75 -0.5625 0.5)
(0.8125 -0.5625 0.5)
(0.875 -0.5625 0.5)
(0.9375 -0.5625 0.5)
(1.0 -0.5625 0.5)
(1.0625 -0.5625 0.5)
(1.125 -0.5625 0.5)
(1.1875 -0.5625 0.5)
(1.25 -0.5625 0.5)
(1.3125 -0.5625 0.5)
(1.375 -0.5625 0.5)
(1.4375 -0.5625 0.5)
(-0.5 -0.5 0.5)
(-0.4375 -0.5 0.5)
(-0.375 -0.5 0.5)
(-0.3125 -0.5 0.5)
(-0.25 -0.5 0.5)
(-0.1875 -0.5 0.5)
(-0.125 -0.5 0.5)
(-0.0625 -0.5 0.5)
(0.0 -0.5 0.5)
(0.0625 -0.5 0.5)
(0.125 -0.5 0.5)
(0.1875 -0.5 0.5)
(0.25 -0.5 0.5)
(0.3125 -0.5 0.5)
(0.375 -0.5 0.5)
(0.4375 -0.5 0.5)
(0.5 -0.5 0.5)
(0.5625 -0.5 0.5)
(0.625 -0.5 0.5)
(0.6875 -0.5 0.5)
(0.75 -0.5 0.5)
(0.8125 -0.5 0.5)
(0.875 -0.5 0.5)
(0.9375 -0.5 0.5)
(1.0 -0.5 0.5)
(1.0625 -0.5 0.5)
(1.125 -0.5 0.5)
(1.1875 -0.5 0.5)
(1.25 -0.5 0.5)
(1.3125 -0.5 0.5)
(1.375 -0.5 0.5)
(1.4375 -0.5 0.5)
(-0.5 -0.4375 0.5)
(-0.4375 -0.4375 0.5)
(-0.375 -0.4375 0.5)
(-0.3125 -0.4375 0.5)
(-0.25 -0.4375 0.5)
(-0.1875 -0.4375 0.5)
(-0.125 -0.4375 0.5)
(-0.0625 -0.4375 0.5)
(0.0 -0.4375 0.5)
(0.0625 -0.4375 0.5)
(0.125 -0.4375 0.5)
(0.1875 -0.4375 0.5)
(0.25 -0.4375 0.5)
(0.3125 -0.4375 0.5)
(0.375 -0.4375 0.5)
(0.4375 -0.4375 0.5)
(0.5 -0.4375 0.5)
(0.5625 -0.4375 0.5)
(0.625 -0.4375 0.5)
(0.6875 -0.4375 0.5)
(0.75 -0.4375 0.5)
(0.8125 -0.4375 0.5)
(0.875 -0.4375 0.5)
(0.9375 -0.4375 0.5)
(1.0 -0.4375 0.5)
(1.0625 -0.4375 0.5)
(1.125 -0.4375 0.5)
(1.1875 -0.4375 0.5)
(1.25 -0.4375 0.5)
(1.3125 -0.4375 0.5)
(1.375 -0.4375 0.5)
(1.4375 -0.4375 0.5)
(-0.5 -0.375 0.5)
(-0.4375 -0.375 0.5)
(-0.375 -0.375 0.5)
(-0.3125 -0.375 0.5)
(-0.25 -0.375 0.5)
(-0.1875 -0.375 0.5)
(-0.125 -0.375 0.5)
(-0.0625 -0.375 0.5)
(0.0 -0.375 0.5)
(0.0625 -0.375 0.5)
(0.125 -0.375 0.5)
(0.1875 -0.375 0.5)
(0.25 -0.375 0.5)
(0.3125 -0.375 0.5)
(0.375 -0.375 0.5)
(0.4375 -0.375 0.5)
(0.5 -0.375 0.5)
(0.5625 -0.375 0.5)
(0.625 -0.375 0.5)
(0.6875 -0.375 0.5)
(0.75 -0.375 0.5)
(0.8125 -0.375 0.5)
(0.875 -0.375 0.5)
(0.9375 -0.375 0.5)
(1.0 -0.375 0.5)
(1.0625 -0.375 0.5)
(1.125 -0.375 0.5)
(1.1875 -0.375 0.5)
(1.25 -0.375 0.5)
(1.3125 -0.375 0.5)
(1.375 -0.375 0.5)
(1.4375 -0.375 0.5)
(-0.5 -0.3125 0.5)
(-0.4375 -0.3125 0.5)
(-0.375 -0.3125 0.5)
(-0.3125 -0.3125 0.5)
(-0.25 -0.3125 0.5)
(-0.1875 -0.3125 0.5)
(-0.125 -0.3125 0.5)
(-0.0625 -0.3125 0.5)
(0.0 -0.3125 0.5)
(0.0625 -0.3125 0.5)
(0.125 -0.3125 0.5)
(0.1875 -0.3125 0.5)
(0.25 -0.3125 0.5)
(0.3125 -0.3125 0.5)
(0.375 -0.3125 0.5)
(0.4375 -0.3125 0.5)
(0.5 -0.3125 0.5)
(0.5625 -0.3125 0.5)
(0.625 -0.3125 0.5)
(0.6875 -0.3125 0.5)
(0.75 -0.3125 0.5)
(0.8125 -0.3125 0.5)
(0.875 -0.3125 0.5)
(0.9375 -0.3125 0.5)
(1.0 -0.3125 0.5)
(1.0625 -0.3125 0.5)
(1.125 -0.3125 0.5)
(1.1875 -0.3125 0.5)
(1.25 -0.3125 0.5)
(1.3125 -0.3125 0.5)
(1.375 -0.3125 0.5)
(1.4375 -0.3125 0.5)
(-0.5 -0.25 0.5)
(-0.4375 -0.25 0.5)
(-0.375 -0.25 0.5)
(-0.3125 -0.25 0.5)
(-0.25 -0.25 0.5)
(-0.1875 -0.25 0.5)
(-0.125 -0.25 0.5)
(-0.0625 -0.25 0.5)
(0.0 -0.25 0.5)
(0.0625 -0.25 0.5)
(0.125 -0.25 0.5)
(0.1875 -0.25 0.5)
(0.25 -0.25 0.5)
(0.3125 -0.25 0.5)
(0.375 -0.25 0.5)
(0.4375 -0.25 0.5)
(0.5 -0.25 0.5)
(0.5625 -0.25 0.5)
(0.625 -0.25 0.5)
(0.6875 -0.25 0.5)
(0.75 -0.25 0.5)
(0.8125 -0.25 0.5)
(0.875 -0.25 0.5)
(0.9375 -0.25 0.5)
(1.0 -0.25 0.5)
(1.0625 -0.25 0.5)
(1.125 -0.25 0.5)
(1.1875 -0.25 0.5)
(1.25 -0.25 0.5)
(1.3125 -0.25 0.5)
(1.375 -0.25 0.5)
(1.4375 -0.25 0.5)
(-0.5 -0.1875 0.5)
(-0.4375 -0.1875 0.5)
(-0.375 -0.1875 0.5)
(-0.3125 -0.1875 0.5)
(-0.25 -0.1875 0.5)
(-0.1875 -0.1875 0.5)
(-0.125 -0.1875 0.5)
(-0.0625 -0.1875 0.5)
(0.0 -0.1875 0.5)
(0.0625 -0.1875 0.5)
(0.125 -0.1875 0.5)
(0.1875 -0.1875 0.5)
(0.25 -0.1875 0.5)
(0.3125 -0.1875 0.5)
(0.375 -0.1875 0.5)
(0.4375 -0.1875 0.5)
(0.5 -0.1875 0.5)
(0.5625 -0.1875 0.5)
(0.625 -0.1875 0.5)
(0.6875 -0.1875 0.5)
(0.75 -0.1875 0.5)
(0.8125 -0.1875 0.5)
(0.875 -0.1875 0.5)
(0.9375 -0.1875 0.5)
(1.0 -0.1875 0.5)
(1.0625 -0.1875 0.5)
(1.125 -0.1875 0.5)
(1.1875 -0.1875 0.5)
(1.25 -0.1875 0.5)
(1.3125 -0.1875 0.5)
(1.375 -0.1875 0.5)
(1.4375 -0.1875 0.5)
(-0.5 -0.125 0.5)
(-0.4375 -0.125 0.5)
(-0.375 -0.125 0.5)
(-0.3125 -0.125 0.5)
(-0.25 -0.125 0.5)
(-0.1875 -0.125 0.5)
(-0.125 -0.125 0.5)
(-0.0625 -0.125 0.5)
(0.0 -0.125 0.5)
(0.0625 -0.125 0.5)
(0.125 -0.125 0.5)
(0.1875 -0.125 0.5)
(0.25 -0.125 0.5)
(0.3125 -0.125 0.5)
(0.375 -0.125 0.5)
(0.4375 -0.125 0.5)
(0.5 -0.125 0.5)
(0.5625 -0.125 0.5)
(0.625 -0.125 0.5)
(0.6875 -0.125 0.5)
(0.75 -0.125 0.5)
(0.8125 -0.125 0.5)
(0.875 -0.125 0.5)
(0.9375 -0.125 0.5)
(1.0 -0.125 0.5)
(1.0625 -0.125 0.5)
(1.125 -0.125 0.5)
(1.1875 -0.125 0.5)
(1.25 -0.125 0.5)
(1.3125 -0.125 0.5)
(1.375 -0.125 0.5)
(1.4375 -0.125 0.5)
(-0.5 -0.0625 0.5)
(-0.4375 -0.0625 0.5)
(-0.375 -0.0625 0.5)
(-0.3125 -0.0625 0.5)
(-0.25 -0.0625 0.5)
(-0.1875 -0.0625 0.5)
(-0.125 -0.0625 0.5)
(-0.0625 -0.0625 0.5)
(0.0 -0.0625 0.5)
(0.0625 -0.0625 0.5)
(0.125 -0.0625 0.5)
(0.1875 -0.0625 0.5)
(0.25 -0.0625 0.5)
(0.3125 -0.0625 0.5)
(0.375 -0.0625 0.5)
(0.4375 -0.0625 0.5)
(0.5 -0.0625 0.5)
(0.5625 -0.0625 0.5)
(0.625 -0.0625 0.5)
(0.6875 -0.0625 0.5)
(0.75 -0.0625 0.5)
(0.8125 -0.0625 0.5)
(0.875 -0.0625 0.5)
(0.9375 -0.0625 0.5)
(1.0 -0.0625 0.5)
(1.0625 -0.0625 0.5)
(1.125 -0.0625 0.5)
(1.1875 -0.0625 0.5)
(1.25 -0.0625 0.5)
(1.3125 -0.0625 0.5)
(1.375 -0.0625 0.5)
(1.4375 -0.0625 0.5)
(-0.5 0.0 0.5)
(-0.4375 0.0 0.5)
(-0.375 0.0 0.5)
(-0.3125 0.0 0.5)
(-0.25 0.0 0.5)
(-0.1875 0.0 0.5)
(-0.125 0.0 0.5)
(-0.0625 0.0 0.5)
(0.0 0.0 0.5)
(0.0625 0.0 0.5)
(0.125 0.0 0.5)
(0.1875 0.0 0.5)
(0.25 0.0 0.5)
(0.3125 0.0 0.5)
(0.375 0.0 0.5)
(0.4375 0.0 0.5)
(0.5 0.0 0.5)
(0.5625 0.0 0.5)
(0.625 0.0 0.5)
(0.6875 0.0 0.5)
(0.75 0.0 0.5)
(0.8125 0.0 0.5)
(0.875 0.0 0.5)
(0.9375 0.0 0.5)
(1.0 0.0 0.5)
(1.0625 0.0 0.5)
(1.125 0.0 0.5)
(1.1875 0.0 0.5)
(1.25 0.0 0.5)
(1.3125 0.0 0.5)
(1.375 0.0 0.5)
(1.4375 0.0 0.5)
(-0.5 0.0625 0.5)
(-0.4375 0.0625 0.5)
(-0.375 0.0625 0.5)
(-0.3125 0.0625 0.5)
(-0.25 0.0625 0.5)
(-0.1875 0.0625 0.5)
(-0.125 0.0625 0.5)
(-0.0625 0.0625 0.5)
(0.0 0.0625 0.5)
(0.0625 0.0625 0.5)
(0.125 0.0625 0.5)
(0.1875 0.0625 0.5)
(0.25 0.0625 0.5)
(0.3125 0.0625 0.5)
(0.375 0.0625 0.5)
(0.4375 0.0625 0.5)
(0.5 0.0625 0.5)
(0.5625 0.0625 0.5)
(0.625 0.0625 0.5)
(0.6875 0.0625 0.5)
(0.75 0.0625 0.5)
(0.8125 0.0625 0.5)
(0.875 0.0625 0.5)
(0.9375 0.0625 0.5)
(1.0 0.0625 0.5)
(1.0625 0.0625 0.5)
(1.125 0.0625 0.5)
(1.1875 0.0625 0.5)
(1.25 0.0625 0.5)
(1.3125 0.0625 0.5)
(1.375 0.0625 0.5)
(1.4375 0.0625 0.5)
(-0.5 0.125 0.5)
(-0.4375 0.125 0.5)
(-0.375 0.125 0.5)
(-0.3125 0.125 0.5)
(-0.25 0.125 0.5)
(-0.1875 0.125 0.5)
(-0.125 0.125 0.5)
(-0.0625 0.125 0.5)
(0.0 0.125 0.5)
(0.0625 0.125 0.5)
(0.125 0.125 0.5)
(0.1875 0.125 0.5)
(0.25 0.125 0.5)
(0.3125 0.125 0.5)
(0.375 0.125 0.5)
(0.4375 0.125 0.5)
(0.5 0.125 0.5)
(0.5625 0.125 0.5)
(0.625 0.125 0.5)
(0.6875 0.125 0.5)
(0.75 0.125 0.5)
(0.8125 0.125 0.5)
(0.875 0.125 0.5)
(0.9375 0.125 0.5)
(1.0 0.125 0.5)
(1.0625 0.125 0.5)
(1.125 0.125 0.5)
(1.1875 0.125 0.5)
(1.25 0.125 0.5)
(1.3125 0.125 0.5)
(1.375 0.125 0.5)
(1.4375 0.125 0.5)
(-0.5 0.1875 0.5)
(-0.4375 0.1875 0.5)
(-0.375 0.1875 0.5)
(-0.3125 0.1875 0.5)
(-0.25 0.1875 0.5)
(-0.1875 0.1875 0.5)
(-0.125 0.1875 0.5)
(-0.0625 0.1875 0.5)
(0.0 0.1875 0.5)
(0.0625 0.1875 0.5)
(0.125 0.1875 0.5)
(0.1875 0.1875 0.5)
(0.25 0.1875 0.5)
(0.3125 0.1875 0.5)
(0.375 0.1875 0.5)
(0.4375 0.1875 0.5)
(0.5 0.1875 0.5)
(0.5625 0.1875 0.5)
(0.625 0.1875 0.5)
(0.6875 0.1875 0.5)
(0.75 0.1875 0.5)
(0.8125 0.1875 0.5)
(0.875 0.1875 0.5)
(0.9375 0.1875 0.5)
(1.0 0.1875 0.5)
(1.0625 0.1875 0.5)
(1.125 0.1875 0.5)
(1.1875 0.1875 0.5)
(1.25 0.1875 0.5)
(1.3125 0.1875 0.5)
(1.375 0.1875 0.5)
(1.4375 0.1875 0.5)
(-0.5 0.25 0.5)
(-0.4375 0.25 0.5)
(-0.375 0.25 0.5)
(-0.3125 0.25 0.5)
(-0.25 0.25 0.5)
(-0.1875 0.25 0.5)
(-0.125 0.25 0.5)
(-0.0625 0.25 0.5)
(0.0 0.25 0.5)
(0.0625 0.25 0.5)
(0.125 0.25 0.5)
(0.1875 0.25 0.5)
(0.25 0.25 0.5)
(0.3125 0.25 0.5)
(0.375 0.25 0.5)
(0.4375 0.25 0.5)
(0.5 0.25 0.5)
(0.5625 0.25 0.5)
(0.625 0.25 0.5)
(0.6875 0.25 0.5)
(0.75 0.25 0.5)
(0.8125 0.25 0.5)
(0.875 0.25 0.5)
(0.9375 0.25 0.5)
(1.0 0.25 0.5)
(1.0625 0.25 0.5)
(1.125 0.25 0.5)
(1.1875 0.25 0.5)
(1.25 0.25 0.5)
(1.3125 0.25 0.5)
(1.375 0.25 0.5)
(1.4375 0.25 0.5)
(-0.5 0.3125 0.5)
(-0.4375 0.3125 0.5)
(-0.375 0.3125 0.5)
(-0.3125 0.3125 0.5)
(-0.25 0.3125 0.5)
(-0.1875 0.3125 0.5)
(-0.125 0.3125 0.5)
(-0.0625 0.3125 0.5)
(0.0 0.3125 0.5)
(0.0625 0.3125 0.5)
(0.125 0.3125 0.5)
(0.1875 0.3125 0.5)
(0.25 0.3125 0.5)
(0.3125 0.3125 0.5)
(0.375 0.3125 0.5)
(0.4375 0.3125 0.5)
(0.5 0.3125 0.5)
(0.5625 0.3125 0.5)
(0.625 0.3125 0.5)
(0.6875 0.3125 0.5)
(0.75 0.3125 0.5)
(0.8125 0.3125 0.5)
(0.875 0.3125 0.5)
(0.9375 0.3125 0.5)
(1.0 0.3125 0.5)
(1.0625 0.3125 0.5)
(1.125 0.3125 0.5)
(1.1875 0.3125 0.5)
(1.25 0.3125 0.5)
(1.3125 0.3125 0.5)
(1.375 0.3125 0.5)
(1.4375 0.3125 0.5)
(-0.5 0.375 0.5)
(-0.4375 0.375 0.5)
(-0.375 0.375 0.5)
(-0.3125 0.375 0.5)
(-0.25 0.375 0.5)
(-0.1875 0.375 0.5)
(-0.125 0.375 0.5)
(-0.0625 0.375 0.5)
(0.0 0.375 0.5)
(0.0625 0.375 0.5)
(0.125 0.375 0.5)
(0.1875 0.375 0.5)
(0.25 0.375 0.5)
(0.3125 0.375 0.5)
(0.375 0.375 0.5)
(0.4375 0.375 0.5)
(0.5 0.375 0.5)
(0.5625 0.375 0.5)
(0.625 0.375 0.5)
(0.6875 0.375 0.5)
(0.75 0.375 0.5)
(0.8125 0.375 0.5)
(0.875 0.375 0.5)
(0.9375 0.375 0.5)
(1.0 0.375 0.5)
(1.0625 0.375 0.5)
(1.125 0.375 0.5)
(1.1875 0.375 0.5)
(1.25 0.375 0.5)
(1.3125 0.375 0.5)
(1.375 0.375 0.5)
(1.4375 0.375 0.5)
(-0.5 0.4375 0.5)
(-0.4375 0.4375 0.5)
(-0.375 0.4375 0.5)
(-0.3125 0.4375 0.5)
(-0.25 0.4375 0.5)
(-0.1875 0.4375 0.5)
(-0.125 0.4375 0.5)
(-0.0625 0.4375 0.5)
(0.0 0.4375 0.5)
(0.0625 0.4375 0.5)
(0.125 0.4375 0.5)
(0.1875 0.4375 0.5)
(0.25 0.4375 0.5)
(0.3125 0.4375 0.5)
(0.375 0.4375 0.5)
(0.4375 0.4375 0.5)
(0.5 0.4375 0.5)
(0.5625 0.4375 0.5)
(0.625 0.4375 0.5)
(0.6875 0.4375 0.5)
(0.75 0.4375 0.5)
(0.8125 0.4375 0.5)
(0.875 0.4375 0.5)
(0.9375 0.4375 0.5)
(1.0 0.4375 0.5)
(1.0625 0.4375 0.5)
(1.125 0.4375 0.5)
(1.1875 0.4375 0.5)
(1.25 0.4375 0.5)
(1.3125 0.4375 0.5)
(1.375 0.4375 0.5)
(1.4375 0.4375 0.5)
(-0.5 0.5 0.5)
(-0.4375 0.5 0.5)
(-0.375 0.5 0.5)
(-0.3125 0.5 0.5)
(-0.25 0.5 0.5)
(-0.1875 0.5 0.5)
(-0.125 0.5 0.5)
(-0.0625 0.5 0.5)
(0.0 0.5 0.5)
(0.0625 0.5 0.5)
(0.125 0.5 0.5)
(0.1875 0.5 0.5)
(0.25 0.5 0.5)
(0.3125 0.5 0.5)
(0.375 0.5 0.5)
(0.4375 0.5 0.5)
(0.5 0.5 0.5)
(0.5625 0.5 0.5)
(0.625 0.5 0.5)
(0.6875 0.5 0.5)
(0.75 0.5 0.5)
(0.8125 0.5 0.5)
(0.875 0.5 0.5)
(0.9375 0.5 0.5)
(1.0 0.5 0.5)
(1.0625 0.5 0.5)
(1.125 0.5 0.5)
(1.1875 0.5 0.5)
(1.25 0.5 0.5)
(1.3125 0.5 0.5)
(1.375 0.5 0.5)
(1.4375 0.5 0.5)
(-0.5 0.5625 0.5)
(-0.4375 0.5625 0.5)
(-0.375 0.5625 0.5)
(-0.3125 0.5625 0.5)
(-0.25 0.5625 0.5)
(-0.1875 0.5625 0.5)
(-0.125 0.5625 0.5)
(-0.0625 0.5625 0.5)
(0.0 0.5625 0.5)
(0.0625 0.5625 0.5)
(0.125 0.5625 0.5)
(0.1875 0.5625 0.5)
(0.25 0.5625 0.5)
(0.3125 0.5625 0.5)
(0.375 0.5625 0.5)
(0.4375 0.5625 0.5)
(0.5 0.5625 0.5)
(0.5625 0.5625 0.5)
(0.625 0.5625 0.5)
(0.6875 0.5625 0.5)
(0.75 0.5625 0.5)
(0.8125 0.5625 0.5)
(0.875 0.5625 0.5)
(0.9375 0.5625 0.5)
(1.0 0.5625 0.5)
(1.0625 0.5625 0.5)
(1.125 0.5625 0.5)
(1.1875 0.5625 0.5)
(1.25 0.5625 0.5)
(1.3125 0.5625 0.5)
(1.375 0.5625 0.5)
(1.4375 0.5625 0.5)
(-0.5 0.625 0.5)
(-0.4375 0.625 0.5)
(-0.375 0.625 0.5)
(-0.3125 0.625 0.5)
(-0.25 0.625 0.5)
(-0.1875 0.625 0.5)
(-0.125 0.625 0.5)
(-0.0625 0.625 0.5)
(0.0 0.625 0.5)
(0.0625 0.625 0.5)
(0.125 0.625 0.5)
(0.1875 0.625 0.5)
(0.25 0.625 0.5)
(0.3125 0.625 0.5)
(0.375 0.625 0.5)
(0.4375 0.625 0.5)
(0.5 0.625 0.5)
(0.5625 0.625 0.5)
(0.625 0.625 0.5)
(0.6875 0.625 0.5)
(0.75 0.625 0.5)
(0.8125 0.625 0.5)
(0.875 0.625 0.5)
(0.9375 0.625 0.5)
(1.0 0.625 0.5)
(1.0625 0.625 0.5)
(1.125 0.625 0.5)
(1.1875 0.625 0.5)
(1.25 0.625 0.5)
(1.3125 0.625 0.5)
(1.375 0.625 0.5)
(1.4375 0.625 0.5)
(-0.5 0.6875 0.5)
(-0.4375 0.6875 0.5)
(-0.375 0.6875 0.5)
(-0.3125 0.6875 0.5)
(-0.25 0.6875 0.5)
(-0.1875 0.6875 0.5)
(-0.125 0.6875 0.5)
(-0.0625 0.6875 0.5)
(0.0 0.6875 0.5)
(0.0625 0.6875 0.5)
(0.125 0.6875 0.5)
(0.1875 0.6875 0.5)
(0.25 0.6875 0.5)
(0.3125 0.6875 0.5)
(0.375 0.6875 0.5)
(0.4375 0.6875 0.5)
(0.5 0.6875 0.5)
(0.5625 0.6875 0.5)
(0.625 0.6875 0.5)
(0.6875 0.6875 0.5)
(0.75 0.6875 0.5)
(0.8125 0.6875 0.5)
(0.875 0.6875 0.5)
(0.9375 0.6875 0.5)
(1.0 0.6875 0.5)
(1.0625 0.6875 0.5)
(1.125 0.6875 0.5)
(1.1875 0.6875 0.5)
(1.25 0.6875 0.5)
(1.3125 0.6875 0.5)
(1.375 0.6875 0.5)
(1.4375 0.6875 0.5)
(-0.5 0.75 0.5)
(-0.4375 0.75 0.5)
(-0.375 0.75 0.5)
(-0.3125 0.75 0.5)
(-0.25 0.75 0.5)
(-0.1875 0.75 0.5)
(-0.125 0.75 0.5)
(-0.0625 0.75 0.5)
(0.0 0.75 0.5)
(0.0625 0.75 0.5)
(0.125 0.75 0.5)
(0.1875 0.75 0.5)
(0.25 0.75 0.5)
(0.3125 0.75 0.5)
(0.375 0.75 0.5)
(0.4375 0.75 0.5)
(0.5 0.75 0.5)
(0.5625 0.75 0.5)
(0.625 0.75 0.5)
(0.6875 0.75 0.5)
(0.75 0.75 0.5)
(0.8125 0.75 0.5)
(0.875 0.75 0.5)
(0.9375 0.75 0.5)
(1.0 0.75 0.5)
(1.0625 0.75 0.5)
(1.125 0.75 0.5)
(1.1875 0.75 0.5)
(1.25 0.75 0.5)
(1.3125 0.75 0.5)
(1.375 0.75 0.5)
(1.4375 0.75 0.5)
(-0.5 0.8125 0.5)
(-0.4375 0.8125 0.5)
(-0.375 0.8125 0.5)
(-0.3125 0.8125 0.5)
(-0.25 0.8125 0.5)
(-0.1875 0.8125 0.5)
(-0.125 0.8125 0.5)
(-0.0625 0.8125 0.5)
(0.0 0.8125 0.5)
(0.0625 0.8125 0.5)
(0.125 0.8125 0.5)
(0.1875 0.8125 0.5)
(0.25 0.8125 0.5)
(0.3125 0.8125 0.5)
(0.375 0.8125 0.5)
(0.4375 0.8125 0.5)
(0.5 0.8125 0.5)
(0.5625 0.8125 0.5)
(0.625 0.8125 0.5)
(0.6875 0.8125 0.5)
(0.75 0.8125 0.5)
(0.8125 0.8125 0.5)
(0.875 0.8125 0.5)
(0.9375 0.8125 0.5)
(1.0 0.8125 0.5)
(1.0625 0.8125 0.5)
(1.125 0.8125 0.5)
(1.1875 0.8125 0.5)
(1.25 0.8125 0.5)
(1.3125 0.8125 0.5)
(1.375 0.8125 0.5)
(1.4375 0.8125 0.5)
(-0.5 0.875 0.5)
(-0.4375 0.875 0.5)
(-0.375 0.875 0.5)
(-0.3125 0.875 0.5)
(-0.25 0.875 0.5)
(-0.1875 0.875 0.5)
(-0.125 0.875 0.5)
(-0.0625 0.875 0.5)
(0.0 0.875 0.5)
(0.0625 0.875 0.5)
(0.125 0.875 0.5)
(0.1875 0.875 0.5)
(0.25 0.875 0.5)
(0.3125 0.875 0.5)
(0.375 0.875 0.5)
(0.4375 0.875 0.5)
(0.5 0.875 0.5)
(0.5625 0.875 0.5)
(0.625 0.875 0.5)
(0.6875 0.875 0.5)
(0.75 0.875 0.5)
(0.8125 0.875 0.5)
(0.875 0.875 0.5)
(0.9375 0.875 0.5)
(1.0 0.875 0.5)
(1.0625 0.875 0.5)
(1.125 0.875 0.5)
(1.1875 0.875 0.5)
(1.25 0.875 0.5)
(1.3125 0.875 0.5)
(1.375 0.875 0.5)
(1.4375 0.875 0.5)
(-0.5 0.9375 0.5)
(-0.4375 0.9375 0.5)
(-0.375 0.9375 0.5)
(-0.3125 0.9375 0.5)
(-0.25 0.9375 0.5)
(-0.1875 0.9375 0.5)
(-0.125 0.9375 0.5)
(-0.0625 0.9375 0.5)
(0.0 0.9375 0.5)
(0.0625 0.9375 0.5)
(0.125 0.9375 0.5)
(0.1875 0.9375 0.5)
(0.25 0.9375 0.5)
(0.3125 0.9375 0.5)
(0.375 0.9375 0.5)
(0.4375 0.9375 0.5)
(0.5 0.9375 0.5)
(0.5625 0.9375 0.5)
(0.625 0.9375 0.5)
(0.6875 0.9375 0.5)
(0.75 0.9375 0.5)
(0.8125 0.9375 0.5)
(0.875 0.9375 0.5)
(0.9375 0.9375 0.5)
(1.0 0.9375 0.5)
(1.0625 0.9375 0.5)
(1.125 0.9375 0.5)
(1.1875 0.9375 0.5)
(1.25 0.9375 0.5)
(1.3125 0.9375 0.5)
(1.375 0.9375 0.5)
(1.4375 0.9375 0.5)
);

type            sets;
libs            ("libsampling.so");

interpolationScheme cellPoint;
setFormat	raw;

executeControl  writeTime;
writeControl    writeTime;

sets
(
    cloud
    {
        type    points;
        axis    xyz;
        points  $points;
        ordered yes;
    }
);

// ************************************************************************* //
