-0.5 	-1 	0.5 	90.4051 	15.0448 	1.15064e-19
-0.4375 	-1 	0.5 	90.177 	14.8956 	1.1372e-18
-0.375 	-1 	0.5 	89.9518 	14.7209 	-8.26333e-19
-0.3125 	-1 	0.5 	89.7358 	14.5131 	-8.74994e-19
-0.25 	-1 	0.5 	89.5372 	14.2817 	-2.50987e-18
-0.1875 	-1 	0.5 	89.3516 	14.0247 	4.31022e-19
-0.125 	-1 	0.5 	89.1787 	13.7539 	-7.3439e-19
-0.0625 	-1 	0.5 	89.0275 	13.4497 	4.96546e-18
-1.61546e-17 	-1 	0.5 	88.9154 	13.1326 	-5.58751e-19
0.0625 	-1 	0.5 	88.8323 	12.8018 	-6.74529e-19
0.125 	-1 	0.5 	88.7812 	12.4603 	-3.91721e-18
0.1875 	-1 	0.5 	88.7549 	12.128 	-1.65855e-18
0.25 	-1 	0.5 	88.7683 	11.7885 	3.28522e-18
0.3125 	-1 	0.5 	88.7995 	11.4182 	-1.23267e-19
0.375 	-1 	0.5 	88.8794 	11.1126 	-6.64383e-19
0.4375 	-1 	0.5 	88.9736 	10.7921 	4.37985e-19
0.5 	-1 	0.5 	89.0998 	10.4962 	-1.15047e-18
0.5625 	-1 	0.5 	89.2475 	10.2058 	2.65313e-19
0.625 	-1 	0.5 	89.4086 	9.94349 	1.00932e-18
0.6875 	-1 	0.5 	89.587 	9.69571 	-3.07888e-18
0.75 	-1 	0.5 	89.7732 	9.47007 	1.53398e-18
0.8125 	-1 	0.5 	89.9857 	9.27826 	-3.65248e-18
0.875 	-1 	0.5 	90.1934 	9.08795 	-3.42243e-18
0.9375 	-1 	0.5 	90.4195 	8.9241 	5.04259e-19
1 	-1 	0.5 	90.6426 	8.79158 	-9.94262e-19
1.0625 	-1 	0.5 	90.8478 	8.66641 	1.21983e-18
1.125 	-1 	0.5 	91.0695 	8.56298 	-5.10305e-19
1.1875 	-1 	0.5 	91.2926 	8.48358 	8.73431e-19
1.25 	-1 	0.5 	91.5053 	8.42227 	-6.14532e-19
1.3125 	-1 	0.5 	91.7145 	8.37084 	-1.86609e-18
1.375 	-1 	0.5 	91.9105 	8.34052 	3.79282e-18
1.4375 	-1 	0.5 	92.1019 	8.30847 	-1.68281e-18
-0.5 	-0.9375 	0.5 	90.2557 	15.2849 	-2.45276e-18
-0.4375 	-0.9375 	0.5 	90.0058 	15.1306 	2.90618e-18
-0.375 	-0.9375 	0.5 	89.755 	14.9467 	7.8807e-19
-0.3125 	-0.9375 	0.5 	89.5052 	14.7349 	8.94086e-19
-0.25 	-0.9375 	0.5 	89.284 	14.4901 	-8.12263e-18
-0.1875 	-0.9375 	0.5 	89.0631 	14.2198 	1.12589e-19
-0.125 	-0.9375 	0.5 	88.8617 	13.9491 	-3.5858e-19
-0.0625 	-0.9375 	0.5 	88.7003 	13.5916 	4.75828e-19
6.80662e-16 	-0.9375 	0.5 	88.5756 	13.2404 	-2.15981e-18
0.0625 	-0.9375 	0.5 	88.4752 	12.8756 	1.6296e-18
0.125 	-0.9375 	0.5 	88.4208 	12.5055 	-1.25994e-18
0.1875 	-0.9375 	0.5 	88.398 	12.1263 	-2.71769e-18
0.25 	-0.9375 	0.5 	88.4023 	11.7518 	5.34785e-19
0.3125 	-0.9375 	0.5 	88.4604 	11.3845 	5.00869e-18
0.375 	-0.9375 	0.5 	88.537 	11.0214 	2.23974e-18
0.4375 	-0.9375 	0.5 	88.6519 	10.6827 	2.07239e-18
0.5 	-0.9375 	0.5 	88.7919 	10.3528 	2.56671e-18
0.5625 	-0.9375 	0.5 	88.9555 	10.0435 	-5.20969e-20
0.625 	-0.9375 	0.5 	89.1385 	9.75619 	-1.35152e-18
0.6875 	-0.9375 	0.5 	89.3374 	9.49844 	-6.65593e-20
0.75 	-0.9375 	0.5 	89.5612 	9.26015 	-2.97684e-19
0.8125 	-0.9375 	0.5 	89.7832 	9.05225 	2.59589e-18
0.875 	-0.9375 	0.5 	90.0241 	8.8608 	-6.1358e-19
0.9375 	-0.9375 	0.5 	90.2545 	8.70067 	1.60642e-19
1 	-0.9375 	0.5 	90.4867 	8.56213 	2.29837e-19
1.0625 	-0.9375 	0.5 	90.7391 	8.44095 	1.63019e-18
1.125 	-0.9375 	0.5 	90.9825 	8.33476 	2.64435e-19
1.1875 	-0.9375 	0.5 	91.2233 	8.25942 	1.42895e-19
1.25 	-0.9375 	0.5 	91.4408 	8.20608 	3.98693e-19
1.3125 	-0.9375 	0.5 	91.6685 	8.15879 	1.94632e-18
1.375 	-0.9375 	0.5 	91.8829 	8.13053 	-5.38699e-19
1.4375 	-0.9375 	0.5 	92.0829 	8.10861 	5.38407e-20
-0.5 	-0.875 	0.5 	90.1086 	15.5569 	-3.70004e-19
-0.4375 	-0.875 	0.5 	89.8198 	15.3996 	4.5696e-19
-0.375 	-0.875 	0.5 	89.5358 	15.2121 	-4.72161e-19
-0.3125 	-0.875 	0.5 	89.2524 	14.9886 	7.96736e-19
-0.25 	-0.875 	0.5 	88.9957 	14.73 	7.76757e-19
-0.1875 	-0.875 	0.5 	88.754 	14.4293 	-9.05945e-19
-0.125 	-0.875 	0.5 	88.5215 	14.1039 	-8.91589e-19
-0.0625 	-0.875 	0.5 	88.3429 	13.7461 	2.61938e-19
6.55292e-16 	-0.875 	0.5 	88.1866 	13.3618 	-2.23509e-18
0.0625 	-0.875 	0.5 	88.0806 	12.961 	-2.26956e-19
0.125 	-0.875 	0.5 	88.0117 	12.551 	6.76678e-19
0.1875 	-0.875 	0.5 	87.9873 	12.1275 	-6.68257e-19
0.25 	-0.875 	0.5 	88.0055 	11.7119 	-8.81243e-18
0.3125 	-0.875 	0.5 	88.0669 	11.3076 	-5.90928e-19
0.375 	-0.875 	0.5 	88.1681 	10.9187 	5.25994e-20
0.4375 	-0.875 	0.5 	88.2944 	10.5455 	3.24263e-18
0.5 	-0.875 	0.5 	88.4532 	10.189 	1.94549e-18
0.5625 	-0.875 	0.5 	88.6387 	9.85588 	-2.09283e-18
0.625 	-0.875 	0.5 	88.8548 	9.54518 	1.14879e-19
0.6875 	-0.875 	0.5 	89.0742 	9.28053 	-9.31495e-19
0.75 	-0.875 	0.5 	89.3211 	9.02174 	-5.45556e-19
0.8125 	-0.875 	0.5 	89.5785 	8.7993 	7.0906e-19
0.875 	-0.875 	0.5 	89.8492 	8.61146 	1.19456e-18
0.9375 	-0.875 	0.5 	90.1005 	8.44102 	-9.86768e-19
1 	-0.875 	0.5 	90.3638 	8.30418 	6.83253e-21
1.0625 	-0.875 	0.5 	90.6302 	8.18586 	2.35652e-19
1.125 	-0.875 	0.5 	90.8868 	8.11246 	3.12035e-18
1.1875 	-0.875 	0.5 	91.1523 	8.02509 	1.96955e-19
1.25 	-0.875 	0.5 	91.3857 	7.97549 	1.92311e-18
1.3125 	-0.875 	0.5 	91.6276 	7.93625 	9.79105e-20
1.375 	-0.875 	0.5 	91.8539 	7.92699 	7.5843e-20
1.4375 	-0.875 	0.5 	92.0671 	7.90812 	6.98713e-20
-0.5 	-0.8125 	0.5 	89.9627 	15.8502 	-2.03183e-19
-0.4375 	-0.8125 	0.5 	89.6472 	15.7018 	5.3033e-20
-0.375 	-0.8125 	0.5 	89.3264 	15.5097 	2.68232e-19
-0.3125 	-0.8125 	0.5 	89.0078 	15.278 	-1.67904e-18
-0.25 	-0.8125 	0.5 	88.6901 	15.018 	-2.69796e-19
-0.1875 	-0.8125 	0.5 	88.4086 	14.6961 	2.62113e-18
-0.125 	-0.8125 	0.5 	88.156 	14.3332 	-1.66141e-18
-0.0625 	-0.8125 	0.5 	87.9392 	13.9311 	8.47833e-20
-8.8994e-16 	-0.8125 	0.5 	87.7647 	13.5022 	-3.59401e-19
0.0625 	-0.8125 	0.5 	87.6294 	13.046 	2.25907e-19
0.125 	-0.8125 	0.5 	87.5547 	12.5918 	-8.38513e-19
0.1875 	-0.8125 	0.5 	87.5429 	12.1278 	2.18415e-18
0.25 	-0.8125 	0.5 	87.5627 	11.6686 	6.35972e-20
0.3125 	-0.8125 	0.5 	87.6365 	11.2196 	-1.90702e-19
0.375 	-0.8125 	0.5 	87.7423 	10.7986 	1.17668e-18
0.4375 	-0.8125 	0.5 	87.8972 	10.3831 	3.91807e-19
0.5 	-0.8125 	0.5 	88.0855 	9.99813 	3.41015e-18
0.5625 	-0.8125 	0.5 	88.2937 	9.63673 	1.11963e-20
0.625 	-0.8125 	0.5 	88.5485 	9.32433 	1.70828e-18
0.6875 	-0.8125 	0.5 	88.7981 	9.01943 	4.17702e-19
0.75 	-0.8125 	0.5 	89.0696 	8.76737 	4.86293e-19
0.8125 	-0.8125 	0.5 	89.3499 	8.51486 	-9.1334e-20
0.875 	-0.8125 	0.5 	89.6414 	8.34329 	4.70557e-19
0.9375 	-0.8125 	0.5 	89.9401 	8.17332 	5.32119e-19
1 	-0.8125 	0.5 	90.2392 	8.03314 	1.33421e-19
1.0625 	-0.8125 	0.5 	90.5375 	7.91329 	3.01599e-19
1.125 	-0.8125 	0.5 	90.8028 	7.81991 	-9.87302e-21
1.1875 	-0.8125 	0.5 	91.0926 	7.75864 	1.94111e-18
1.25 	-0.8125 	0.5 	91.348 	7.71862 	1.85889e-18
1.3125 	-0.8125 	0.5 	91.6099 	7.69413 	9.34015e-19
1.375 	-0.8125 	0.5 	91.8457 	7.68433 	-1.88461e-19
1.4375 	-0.8125 	0.5 	92.0767 	7.69197 	2.06779e-19
-0.5 	-0.75 	0.5 	89.8269 	16.1859 	-2.97908e-19
-0.4375 	-0.75 	0.5 	89.4712 	16.0427 	3.65679e-19
-0.375 	-0.75 	0.5 	89.1 	15.8615 	-2.11882e-18
-0.3125 	-0.75 	0.5 	88.7379 	15.6331 	-2.02586e-18
-0.25 	-0.75 	0.5 	88.3703 	15.3282 	-4.80443e-19
-0.1875 	-0.75 	0.5 	88.0354 	14.9802 	1.37148e-18
-0.125 	-0.75 	0.5 	87.7505 	14.5789 	-1.38525e-19
-0.0625 	-0.75 	0.5 	87.4899 	14.1469 	-1.21194e-18
-2.39782e-15 	-0.75 	0.5 	87.2723 	13.6564 	4.17553e-18
0.0625 	-0.75 	0.5 	87.136 	13.1496 	-5.23417e-19
0.125 	-0.75 	0.5 	87.0652 	12.6471 	6.62486e-19
0.1875 	-0.75 	0.5 	87.0375 	12.1196 	9.63907e-19
0.25 	-0.75 	0.5 	87.0746 	11.6175 	5.02557e-19
0.3125 	-0.75 	0.5 	87.1666 	11.1282 	3.07158e-18
0.375 	-0.75 	0.5 	87.3047 	10.6416 	5.13493e-18
0.4375 	-0.75 	0.5 	87.4824 	10.2017 	5.67551e-20
0.5 	-0.75 	0.5 	87.71 	9.79229 	1.67622e-18
0.5625 	-0.75 	0.5 	87.9522 	9.40123 	1.9617e-18
0.625 	-0.75 	0.5 	88.2156 	9.05603 	-1.10086e-19
0.6875 	-0.75 	0.5 	88.5044 	8.74557 	3.6644e-19
0.75 	-0.75 	0.5 	88.8075 	8.47018 	-5.79326e-21
0.8125 	-0.75 	0.5 	89.1251 	8.2315 	4.51559e-19
0.875 	-0.75 	0.5 	89.4484 	8.02172 	2.4042e-20
0.9375 	-0.75 	0.5 	89.7692 	7.85284 	1.92776e-18
1 	-0.75 	0.5 	90.1008 	7.71437 	-1.36839e-18
1.0625 	-0.75 	0.5 	90.4136 	7.60775 	-3.37266e-19
1.125 	-0.75 	0.5 	90.726 	7.52836 	-6.53447e-19
1.1875 	-0.75 	0.5 	91.0278 	7.47856 	2.94241e-18
1.25 	-0.75 	0.5 	91.3125 	7.45057 	5.26354e-20
1.3125 	-0.75 	0.5 	91.5839 	7.43746 	-3.14842e-18
1.375 	-0.75 	0.5 	91.8441 	7.44166 	-1.45036e-18
1.4375 	-0.75 	0.5 	92.0878 	7.46353 	6.80947e-19
-0.5 	-0.6875 	0.5 	89.7032 	16.5563 	8.26516e-19
-0.4375 	-0.6875 	0.5 	89.2999 	16.4344 	2.77979e-19
-0.375 	-0.6875 	0.5 	88.8831 	16.2557 	4.32928e-19
-0.3125 	-0.6875 	0.5 	88.4637 	16.0269 	1.45776e-19
-0.25 	-0.6875 	0.5 	88.0385 	15.7034 	-1.36856e-18
-0.1875 	-0.6875 	0.5 	87.6627 	15.3232 	3.14493e-18
-0.125 	-0.6875 	0.5 	87.2995 	14.9039 	-7.82946e-19
-0.0625 	-0.6875 	0.5 	86.9864 	14.4027 	1.50279e-18
-2.97288e-15 	-0.6875 	0.5 	86.7563 	13.8615 	1.28348e-18
0.0625 	-0.6875 	0.5 	86.5805 	13.2798 	-1.17429e-18
0.125 	-0.6875 	0.5 	86.4946 	12.6709 	2.26389e-20
0.1875 	-0.6875 	0.5 	86.4704 	12.1037 	-3.56306e-19
0.25 	-0.6875 	0.5 	86.5243 	11.543 	-2.41923e-20
0.3125 	-0.6875 	0.5 	86.6434 	10.9893 	-9.34017e-19
0.375 	-0.6875 	0.5 	86.8124 	10.4761 	-8.50232e-19
0.4375 	-0.6875 	0.5 	87.0263 	9.98014 	-1.64747e-18
0.5 	-0.6875 	0.5 	87.2716 	9.53285 	1.63177e-19
0.5625 	-0.6875 	0.5 	87.5532 	9.12395 	-2.37474e-19
0.625 	-0.6875 	0.5 	87.867 	8.75853 	-7.78287e-19
0.6875 	-0.6875 	0.5 	88.1886 	8.4279 	-8.9326e-19
0.75 	-0.6875 	0.5 	88.5358 	8.13623 	-1.26491e-20
0.8125 	-0.6875 	0.5 	88.8946 	7.89088 	-3.01688e-19
0.875 	-0.6875 	0.5 	89.2507 	7.68749 	2.40609e-18
0.9375 	-0.6875 	0.5 	89.6195 	7.51198 	-7.4378e-19
1 	-0.6875 	0.5 	89.9777 	7.3835 	1.71315e-18
1.0625 	-0.6875 	0.5 	90.3161 	7.28896 	9.17701e-20
1.125 	-0.6875 	0.5 	90.6636 	7.20413 	1.2344e-19
1.1875 	-0.6875 	0.5 	90.9866 	7.17653 	2.02054e-18
1.25 	-0.6875 	0.5 	91.2932 	7.16244 	1.18412e-18
1.3125 	-0.6875 	0.5 	91.584 	7.16543 	-3.94609e-19
1.375 	-0.6875 	0.5 	91.8536 	7.18808 	5.00289e-19
1.4375 	-0.6875 	0.5 	92.1109 	7.22275 	1.48349e-18
-0.5 	-0.625 	0.5 	89.5837 	16.9847 	3.76776e-19
-0.4375 	-0.625 	0.5 	89.1299 	16.8822 	2.16877e-18
-0.375 	-0.625 	0.5 	88.6499 	16.6987 	-3.31865e-19
-0.3125 	-0.625 	0.5 	88.1672 	16.476 	3.38084e-18
-0.25 	-0.625 	0.5 	87.6697 	16.1376 	-6.38319e-20
-0.1875 	-0.625 	0.5 	87.2051 	15.7375 	-3.03841e-19
-0.125 	-0.625 	0.5 	86.7869 	15.252 	-2.02379e-18
-0.0625 	-0.625 	0.5 	86.4357 	14.6947 	-1.76209e-19
-4.07573e-15 	-0.625 	0.5 	86.1515 	14.0859 	-1.56406e-18
0.0625 	-0.625 	0.5 	85.9647 	13.4168 	1.91573e-18
0.125 	-0.625 	0.5 	85.8599 	12.7536 	-7.34561e-19
0.1875 	-0.625 	0.5 	85.8585 	12.0826 	7.00165e-19
0.25 	-0.625 	0.5 	85.9294 	11.4398 	-2.94768e-19
0.3125 	-0.625 	0.5 	86.0735 	10.8282 	-2.21827e-18
0.375 	-0.625 	0.5 	86.2792 	10.2573 	-1.98864e-18
0.4375 	-0.625 	0.5 	86.5323 	9.73024 	-5.47226e-19
0.5 	-0.625 	0.5 	86.8248 	9.24759 	-8.16004e-19
0.5625 	-0.625 	0.5 	87.145 	8.80805 	6.7824e-19
0.625 	-0.625 	0.5 	87.4974 	8.41751 	-1.95362e-18
0.6875 	-0.625 	0.5 	87.8665 	8.07285 	2.12927e-18
0.75 	-0.625 	0.5 	88.2489 	7.77093 	3.46878e-19
0.8125 	-0.625 	0.5 	88.6616 	7.51098 	1.51049e-18
0.875 	-0.625 	0.5 	89.0546 	7.29474 	6.75247e-20
0.9375 	-0.625 	0.5 	89.4613 	7.13808 	5.59826e-19
1 	-0.625 	0.5 	89.8527 	7.01028 	-4.51363e-19
1.0625 	-0.625 	0.5 	90.2548 	6.91211 	1.18271e-19
1.125 	-0.625 	0.5 	90.6103 	6.86589 	-9.38744e-19
1.1875 	-0.625 	0.5 	90.9492 	6.8567 	5.67781e-19
1.25 	-0.625 	0.5 	91.2887 	6.85479 	3.85038e-19
1.3125 	-0.625 	0.5 	91.5983 	6.88206 	-1.3903e-18
1.375 	-0.625 	0.5 	91.8907 	6.90753 	9.07429e-20
1.4375 	-0.625 	0.5 	92.1536 	6.97594 	1.27305e-18
-0.5 	-0.5625 	0.5 	89.5094 	17.4524 	-4.03316e-19
-0.4375 	-0.5625 	0.5 	89.0076 	17.3776 	-8.85858e-19
-0.375 	-0.5625 	0.5 	88.4439 	17.2262 	7.30215e-19
-0.3125 	-0.5625 	0.5 	87.8776 	16.9932 	1.28702e-18
-0.25 	-0.5625 	0.5 	87.2924 	16.6647 	5.6581e-19
-0.1875 	-0.5625 	0.5 	86.7186 	16.2484 	-6.24451e-19
-0.125 	-0.5625 	0.5 	86.221 	15.7038 	3.00932e-18
-0.0625 	-0.5625 	0.5 	85.7714 	15.0552 	1.14742e-18
-2.48065e-15 	-0.5625 	0.5 	85.4425 	14.3281 	1.16504e-18
0.0625 	-0.5625 	0.5 	85.224 	13.5836 	-1.0212e-18
0.125 	-0.5625 	0.5 	85.1349 	12.794 	-1.00935e-18
0.1875 	-0.5625 	0.5 	85.1532 	12.0392 	3.94661e-19
0.25 	-0.5625 	0.5 	85.2544 	11.3072 	3.0457e-18
0.3125 	-0.5625 	0.5 	85.4474 	10.6362 	-1.24543e-18
0.375 	-0.5625 	0.5 	85.6992 	10.0057 	2.85211e-19
0.4375 	-0.5625 	0.5 	85.9914 	9.43297 	2.58868e-19
0.5 	-0.5625 	0.5 	86.3369 	8.92052 	5.72468e-19
0.5625 	-0.5625 	0.5 	86.7081 	8.43381 	-1.90482e-18
0.625 	-0.5625 	0.5 	87.107 	8.03439 	-1.70803e-18
0.6875 	-0.5625 	0.5 	87.5181 	7.6753 	8.18413e-20
0.75 	-0.5625 	0.5 	87.9669 	7.34802 	2.1719e-19
0.8125 	-0.5625 	0.5 	88.4113 	7.08158 	1.33682e-18
0.875 	-0.5625 	0.5 	88.8608 	6.87973 	-2.00016e-20
0.9375 	-0.5625 	0.5 	89.3071 	6.71086 	-5.17456e-20
1 	-0.5625 	0.5 	89.748 	6.59494 	-1.31627e-18
1.0625 	-0.5625 	0.5 	90.1742 	6.51009 	-9.62117e-19
1.125 	-0.5625 	0.5 	90.5753 	6.49477 	4.88094e-19
1.1875 	-0.5625 	0.5 	90.9541 	6.49062 	-3.32945e-19
1.25 	-0.5625 	0.5 	91.3069 	6.51688 	1.53583e-19
1.3125 	-0.5625 	0.5 	91.6334 	6.56477 	-2.11622e-19
1.375 	-0.5625 	0.5 	91.9436 	6.62843 	6.76982e-19
1.4375 	-0.5625 	0.5 	92.2191 	6.69918 	7.0688e-20
-0.5 	-0.5 	0.5 	89.4641 	17.9582 	1.27347e-19
-0.4375 	-0.5 	0.5 	88.9005 	17.9366 	-3.90498e-19
-0.375 	-0.5 	0.5 	88.2695 	17.843 	1.24916e-18
-0.3125 	-0.5 	0.5 	87.5889 	17.6318 	-7.35129e-19
-0.25 	-0.5 	0.5 	86.8965 	17.3043 	-1.59215e-18
-0.1875 	-0.5 	0.5 	86.2227 	16.8416 	9.18962e-19
-0.125 	-0.5 	0.5 	85.5679 	16.2348 	3.66255e-19
-0.0625 	-0.5 	0.5 	85.0189 	15.4723 	4.15252e-19
-3.41583e-15 	-0.5 	0.5 	84.6048 	14.6375 	-6.11069e-18
0.0625 	-0.5 	0.5 	84.3338 	13.7489 	-1.50794e-18
0.125 	-0.5 	0.5 	84.2618 	12.8298 	-1.18021e-20
0.1875 	-0.5 	0.5 	84.324 	11.9415 	7.39956e-19
0.25 	-0.5 	0.5 	84.4892 	11.1217 	-2.64416e-18
0.3125 	-0.5 	0.5 	84.7294 	10.377 	-8.18785e-19
0.375 	-0.5 	0.5 	85.0502 	9.70764 	-7.19638e-19
0.4375 	-0.5 	0.5 	85.4083 	9.09155 	1.77747e-19
0.5 	-0.5 	0.5 	85.8069 	8.52133 	-3.52253e-18
0.5625 	-0.5 	0.5 	86.2414 	8.03348 	3.80963e-21
0.625 	-0.5 	0.5 	86.6903 	7.59197 	7.56981e-21
0.6875 	-0.5 	0.5 	87.1659 	7.19947 	-1.12899e-18
0.75 	-0.5 	0.5 	87.6646 	6.88096 	1.50531e-18
0.8125 	-0.5 	0.5 	88.1605 	6.61223 	6.75376e-18
0.875 	-0.5 	0.5 	88.6635 	6.39415 	-5.8785e-20
0.9375 	-0.5 	0.5 	89.1679 	6.2451 	-3.11401e-19
1 	-0.5 	0.5 	89.653 	6.13269 	-2.7491e-19
1.0625 	-0.5 	0.5 	90.1216 	6.08681 	-4.63864e-20
1.125 	-0.5 	0.5 	90.561 	6.08732 	1.03961e-18
1.1875 	-0.5 	0.5 	90.9667 	6.10758 	-7.82853e-19
1.25 	-0.5 	0.5 	91.3491 	6.16363 	-8.37565e-20
1.3125 	-0.5 	0.5 	91.6953 	6.23497 	-1.93499e-18
1.375 	-0.5 	0.5 	92.0114 	6.33791 	-2.17429e-19
1.4375 	-0.5 	0.5 	92.3112 	6.42981 	-1.41366e-18
-0.5 	-0.4375 	0.5 	89.505 	18.5645 	2.78547e-19
-0.4375 	-0.4375 	0.5 	88.8634 	18.5999 	-2.9251e-19
-0.375 	-0.4375 	0.5 	88.1244 	18.5463 	-3.37627e-19
-0.3125 	-0.4375 	0.5 	87.3414 	18.3818 	-7.87782e-19
-0.25 	-0.4375 	0.5 	86.4967 	18.07 	-1.91184e-18
-0.1875 	-0.4375 	0.5 	85.6457 	17.6103 	6.99807e-19
-0.125 	-0.4375 	0.5 	84.8285 	16.9307 	1.74328e-18
-0.0625 	-0.4375 	0.5 	84.1456 	16.0312 	-2.14277e-19
-4.23706e-15 	-0.4375 	0.5 	83.6274 	14.9988 	8.24225e-19
0.0625 	-0.4375 	0.5 	83.3591 	13.9063 	-2.51959e-18
0.125 	-0.4375 	0.5 	83.2758 	12.8109 	4.27931e-19
0.1875 	-0.4375 	0.5 	83.4072 	11.7898 	3.44569e-19
0.25 	-0.4375 	0.5 	83.6564 	10.8676 	-6.86487e-19
0.3125 	-0.4375 	0.5 	83.9951 	10.057 	-8.08383e-19
0.375 	-0.4375 	0.5 	84.3849 	9.32124 	-3.65333e-19
0.4375 	-0.4375 	0.5 	84.8012 	8.67236 	-7.31263e-19
0.5 	-0.4375 	0.5 	85.2599 	8.08905 	4.6198e-19
0.5625 	-0.4375 	0.5 	85.7452 	7.56372 	4.24858e-19
0.625 	-0.4375 	0.5 	86.2569 	7.10339 	7.32836e-19
0.6875 	-0.4375 	0.5 	86.8012 	6.69721 	2.27555e-19
0.75 	-0.4375 	0.5 	87.3457 	6.35474 	-1.14606e-19
0.8125 	-0.4375 	0.5 	87.9115 	6.08274 	-6.83254e-19
0.875 	-0.4375 	0.5 	88.4859 	5.86469 	-7.29673e-20
0.9375 	-0.4375 	0.5 	89.0528 	5.72716 	2.57501e-20
1 	-0.4375 	0.5 	89.5778 	5.63929 	-1.88849e-19
1.0625 	-0.4375 	0.5 	90.0899 	5.61563 	-1.83419e-19
1.125 	-0.4375 	0.5 	90.574 	5.64178 	6.10051e-19
1.1875 	-0.4375 	0.5 	91.0176 	5.69375 	-1.99997e-18
1.25 	-0.4375 	0.5 	91.4252 	5.78286 	1.29109e-19
1.3125 	-0.4375 	0.5 	91.7956 	5.89876 	-1.19014e-20
1.375 	-0.4375 	0.5 	92.124 	6.02541 	9.4346e-19
1.4375 	-0.4375 	0.5 	92.4261 	6.15745 	9.58022e-20
-0.5 	-0.375 	0.5 	89.5881 	19.1916 	-1.97389e-19
-0.4375 	-0.375 	0.5 	88.8821 	19.3039 	8.58104e-20
-0.375 	-0.375 	0.5 	88.0528 	19.3306 	5.65427e-19
-0.3125 	-0.375 	0.5 	87.1339 	19.2953 	4.57396e-19
-0.25 	-0.375 	0.5 	86.1054 	19.0338 	5.93111e-19
-0.1875 	-0.375 	0.5 	85.039 	18.5278 	-1.75053e-18
-0.125 	-0.375 	0.5 	83.9707 	17.7857 	-1.13272e-18
-0.0625 	-0.375 	0.5 	83.0732 	16.7255 	2.36577e-18
-2.93082e-15 	-0.375 	0.5 	82.4121 	15.4826 	1.84472e-18
0.0625 	-0.375 	0.5 	82.0836 	14.0508 	4.37436e-19
0.125 	-0.375 	0.5 	82.1163 	12.7392 	2.00131e-18
0.1875 	-0.375 	0.5 	82.3474 	11.5453 	-1.22482e-18
0.25 	-0.375 	0.5 	82.7523 	10.5089 	1.80903e-18
0.3125 	-0.375 	0.5 	83.1964 	9.63936 	1.47387e-18
0.375 	-0.375 	0.5 	83.682 	8.87235 	-1.61188e-18
0.4375 	-0.375 	0.5 	84.1853 	8.19908 	-9.4553e-19
0.5 	-0.375 	0.5 	84.694 	7.58096 	-5.78316e-19
0.5625 	-0.375 	0.5 	85.2389 	7.03677 	2.32377e-18
0.625 	-0.375 	0.5 	85.8139 	6.55078 	2.28593e-19
0.6875 	-0.375 	0.5 	86.4083 	6.11415 	2.14486e-19
0.75 	-0.375 	0.5 	87.0238 	5.76125 	8.78876e-19
0.8125 	-0.375 	0.5 	87.6656 	5.46884 	4.95931e-19
0.875 	-0.375 	0.5 	88.3056 	5.26377 	-7.97018e-19
0.9375 	-0.375 	0.5 	88.9303 	5.14103 	6.42949e-19
1 	-0.375 	0.5 	89.5486 	5.08902 	-1.34957e-18
1.0625 	-0.375 	0.5 	90.1099 	5.09652 	-5.35959e-19
1.125 	-0.375 	0.5 	90.6332 	5.1589 	-1.55258e-20
1.1875 	-0.375 	0.5 	91.1092 	5.26455 	3.68638e-19
1.25 	-0.375 	0.5 	91.546 	5.39036 	-3.36392e-19
1.3125 	-0.375 	0.5 	91.9262 	5.55448 	-3.28754e-19
1.375 	-0.375 	0.5 	92.278 	5.69424 	-3.87317e-19
1.4375 	-0.375 	0.5 	92.5797 	5.86662 	2.54318e-19
-0.5 	-0.3125 	0.5 	89.7793 	19.8689 	-1.01836e-19
-0.4375 	-0.3125 	0.5 	89.0063 	20.1249 	-2.22106e-19
-0.375 	-0.3125 	0.5 	88.0774 	20.309 	-1.43338e-18
-0.3125 	-0.3125 	0.5 	87.0428 	20.3692 	-1.94101e-19
-0.25 	-0.3125 	0.5 	85.7707 	20.2309 	1.85198e-18
-0.1875 	-0.3125 	0.5 	84.3431 	19.8423 	1.64135e-18
-0.125 	-0.3125 	0.5 	82.9749 	18.9878 	3.27666e-19
-0.0625 	-0.3125 	0.5 	81.7346 	17.6537 	-1.90275e-18
-3.00519e-15 	-0.3125 	0.5 	80.8687 	15.9888 	-1.65086e-18
0.0625 	-0.3125 	0.5 	80.5264 	14.1803 	-4.58274e-19
0.125 	-0.3125 	0.5 	80.7109 	12.4933 	-6.38412e-19
0.1875 	-0.3125 	0.5 	81.1835 	11.0998 	-1.4532e-18
0.25 	-0.3125 	0.5 	81.7789 	9.9951 	-8.23334e-19
0.3125 	-0.3125 	0.5 	82.3733 	9.10954 	-2.94186e-18
0.375 	-0.3125 	0.5 	82.9476 	8.33748 	-1.2247e-18
0.4375 	-0.3125 	0.5 	83.5218 	7.65911 	-7.83967e-20
0.5 	-0.3125 	0.5 	84.1017 	7.0284 	-1.59246e-19
0.5625 	-0.3125 	0.5 	84.7052 	6.44287 	2.79891e-18
0.625 	-0.3125 	0.5 	85.3331 	5.92527 	-3.77753e-20
0.6875 	-0.3125 	0.5 	86.0048 	5.46794 	-5.28818e-19
0.75 	-0.3125 	0.5 	86.6996 	5.0851 	-2.34539e-18
0.8125 	-0.3125 	0.5 	87.4229 	4.78843 	8.06891e-19
0.875 	-0.3125 	0.5 	88.1565 	4.58336 	-1.42055e-18
0.9375 	-0.3125 	0.5 	88.8673 	4.47753 	6.78768e-20
1 	-0.3125 	0.5 	89.5543 	4.46336 	-6.34558e-19
1.0625 	-0.3125 	0.5 	90.1808 	4.52332 	-3.28109e-19
1.125 	-0.3125 	0.5 	90.7494 	4.63825 	3.49547e-19
1.1875 	-0.3125 	0.5 	91.2482 	4.79443 	1.02157e-19
1.25 	-0.3125 	0.5 	91.7201 	4.96907 	8.15481e-19
1.3125 	-0.3125 	0.5 	92.1279 	5.1764 	-3.43415e-19
1.375 	-0.3125 	0.5 	92.4718 	5.38282 	-2.2592e-19
1.4375 	-0.3125 	0.5 	92.776 	5.58661 	-7.06936e-19
-0.5 	-0.25 	0.5 	90.1018 	20.575 	5.67497e-19
-0.4375 	-0.25 	0.5 	89.3103 	20.9877 	8.16658e-19
-0.375 	-0.25 	0.5 	88.3294 	21.3696 	-8.65798e-19
-0.3125 	-0.25 	0.5 	87.1019 	21.6027 	-9.26166e-19
-0.25 	-0.25 	0.5 	85.5865 	21.7135 	-2.14977e-18
-0.1875 	-0.25 	0.5 	83.7876 	21.4648 	1.63783e-19
-0.125 	-0.25 	0.5 	81.8165 	20.5946 	-2.5306e-19
-0.0625 	-0.25 	0.5 	79.9202 	18.9793 	1.63466e-19
-4.01816e-15 	-0.25 	0.5 	78.6901 	16.662 	-1.16445e-18
0.0625 	-0.25 	0.5 	78.4098 	14.1081 	1.59847e-19
0.125 	-0.25 	0.5 	78.9892 	11.9359 	-1.8298e-18
0.1875 	-0.25 	0.5 	79.9001 	10.3502 	-5.98853e-19
0.25 	-0.25 	0.5 	80.8211 	9.27962 	2.5012e-20
0.3125 	-0.25 	0.5 	81.5812 	8.46477 	-1.33381e-19
0.375 	-0.25 	0.5 	82.2461 	7.7429 	-8.71202e-20
0.4375 	-0.25 	0.5 	82.8618 	7.07992 	-1.99103e-19
0.5 	-0.25 	0.5 	83.4826 	6.41632 	-7.57202e-21
0.5625 	-0.25 	0.5 	84.1306 	5.79988 	1.6667e-18
0.625 	-0.25 	0.5 	84.8301 	5.24832 	3.29926e-19
0.6875 	-0.25 	0.5 	85.5702 	4.74447 	-3.76881e-19
0.75 	-0.25 	0.5 	86.3501 	4.3304 	2.92102e-20
0.8125 	-0.25 	0.5 	87.175 	4.01362 	5.66731e-20
0.875 	-0.25 	0.5 	87.9944 	3.81148 	2.47175e-18
0.9375 	-0.25 	0.5 	88.8386 	3.72534 	-3.41853e-19
1 	-0.25 	0.5 	89.6157 	3.75917 	6.63943e-19
1.0625 	-0.25 	0.5 	90.3097 	3.88454 	2.85742e-19
1.125 	-0.25 	0.5 	90.9397 	4.06131 	-4.90867e-19
1.1875 	-0.25 	0.5 	91.4874 	4.28748 	-8.2096e-20
1.25 	-0.25 	0.5 	91.9543 	4.53404 	2.23171e-19
1.3125 	-0.25 	0.5 	92.3576 	4.79659 	-5.38931e-19
1.375 	-0.25 	0.5 	92.7146 	5.05726 	-5.03523e-19
1.4375 	-0.25 	0.5 	93.0044 	5.30215 	-3.3734e-19
-0.5 	-0.1875 	0.5 	90.5508 	21.2964 	-6.79968e-19
-0.4375 	-0.1875 	0.5 	89.7749 	21.8656 	-6.51037e-19
-0.375 	-0.1875 	0.5 	88.7684 	22.5013 	-3.32252e-19
-0.3125 	-0.1875 	0.5 	87.4568 	23.05 	2.9704e-19
-0.25 	-0.1875 	0.5 	85.7002 	23.5475 	-4.30417e-19
-0.1875 	-0.1875 	0.5 	83.4224 	23.677 	-1.75716e-18
-0.125 	-0.1875 	0.5 	80.5854 	23.1077 	-7.80386e-19
-0.0625 	-0.1875 	0.5 	77.5989 	21.1206 	4.60047e-19
-3.06374e-15 	-0.1875 	0.5 	75.4744 	17.618 	1.36095e-18
0.0625 	-0.1875 	0.5 	75.3861 	13.6349 	-1.01892e-18
0.125 	-0.1875 	0.5 	76.9147 	10.6657 	-9.82167e-20
0.1875 	-0.1875 	0.5 	78.6681 	9.07902 	-1.26966e-20
0.25 	-0.1875 	0.5 	80.0069 	8.31359 	-6.22436e-20
0.3125 	-0.1875 	0.5 	80.9009 	7.72184 	-2.20485e-20
0.375 	-0.1875 	0.5 	81.5668 	7.11248 	3.35309e-19
0.4375 	-0.1875 	0.5 	82.2019 	6.43383 	-5.72407e-21
0.5 	-0.1875 	0.5 	82.8476 	5.76332 	-3.72626e-19
0.5625 	-0.1875 	0.5 	83.5357 	5.10636 	-1.37019e-18
0.625 	-0.1875 	0.5 	84.2896 	4.48939 	1.33746e-19
0.6875 	-0.1875 	0.5 	85.1051 	3.9365 	8.17521e-19
0.75 	-0.1875 	0.5 	85.9904 	3.46472 	-1.00395e-18
0.8125 	-0.1875 	0.5 	86.9323 	3.11315 	1.56967e-19
0.875 	-0.1875 	0.5 	87.9157 	2.88822 	-9.3121e-19
0.9375 	-0.1875 	0.5 	88.8838 	2.84361 	-6.65496e-19
1 	-0.1875 	0.5 	89.7804 	2.9784 	1.01133e-18
1.0625 	-0.1875 	0.5 	90.5596 	3.19899 	2.4736e-19
1.125 	-0.1875 	0.5 	91.2157 	3.47432 	-7.33771e-19
1.1875 	-0.1875 	0.5 	91.7943 	3.77775 	1.61849e-19
1.25 	-0.1875 	0.5 	92.276 	4.10011 	-1.46528e-18
1.3125 	-0.1875 	0.5 	92.6809 	4.42567 	2.82794e-19
1.375 	-0.1875 	0.5 	93.0212 	4.73487 	7.44247e-19
1.4375 	-0.1875 	0.5 	93.2941 	5.02982 	9.28272e-21
-0.5 	-0.125 	0.5 	91.1813 	21.9299 	3.83672e-19
-0.4375 	-0.125 	0.5 	90.4693 	22.7258 	-3.14235e-19
-0.375 	-0.125 	0.5 	89.516 	23.6182 	-3.98824e-20
-0.3125 	-0.125 	0.5 	88.2214 	24.5793 	-8.04961e-19
-0.25 	-0.125 	0.5 	86.3716 	25.657 	1.95462e-19
-0.1875 	-0.125 	0.5 	83.6997 	26.6403 	1.73729e-19
-0.125 	-0.125 	0.5 	79.6905 	26.9485 	-1.24843e-19
-0.0625 	-0.125 	0.5 	74.2616 	25.1675 	-2.12111e-19
-3.85391e-15 	-0.125 	0.5 	69.8578 	19.2014 	-1.52728e-18
0.0625 	-0.125 	0.5 	70.7821 	11.7045 	-4.47402e-20
0.125 	-0.125 	0.5 	74.7846 	7.88201 	2.25463e-19
0.1875 	-0.125 	0.5 	78.0991 	7.08337 	-8.20818e-19
0.25 	-0.125 	0.5 	79.7558 	7.21708 	-5.37151e-19
0.3125 	-0.125 	0.5 	80.4754 	7.05209 	3.52883e-19
0.375 	-0.125 	0.5 	80.9874 	6.51863 	1.96722e-19
0.4375 	-0.125 	0.5 	81.5572 	5.81329 	-1.21057e-20
0.5 	-0.125 	0.5 	82.2201 	5.08298 	-2.26391e-19
0.5625 	-0.125 	0.5 	82.936 	4.37179 	1.33642e-19
0.625 	-0.125 	0.5 	83.7363 	3.67923 	-1.64969e-20
0.6875 	-0.125 	0.5 	84.6269 	3.02844 	8.96526e-19
0.75 	-0.125 	0.5 	85.6264 	2.49437 	9.33549e-19
0.8125 	-0.125 	0.5 	86.7065 	2.06996 	-1.50224e-19
0.875 	-0.125 	0.5 	87.8754 	1.80533 	8.61275e-20
0.9375 	-0.125 	0.5 	89.0891 	1.79991 	2.05055e-19
1 	-0.125 	0.5 	90.1521 	2.08844 	-4.24293e-19
1.0625 	-0.125 	0.5 	90.9749 	2.46602 	-1.46062e-19
1.125 	-0.125 	0.5 	91.6699 	2.83878 	4.81894e-19
1.1875 	-0.125 	0.5 	92.2589 	3.24267 	4.92713e-19
1.25 	-0.125 	0.5 	92.7471 	3.65867 	3.09651e-19
1.3125 	-0.125 	0.5 	93.1394 	4.06602 	-1.85411e-19
1.375 	-0.125 	0.5 	93.495 	4.43833 	2.5944e-19
1.4375 	-0.125 	0.5 	93.8 	4.76238 	1.793e-20
-0.5 	-0.0625 	0.5 	91.9567 	22.5044 	4.34969e-20
-0.4375 	-0.0625 	0.5 	91.3983 	23.486 	-9.78307e-20
-0.375 	-0.0625 	0.5 	90.6055 	24.6259 	-2.53886e-19
-0.3125 	-0.0625 	0.5 	89.5131 	26.0683 	-1.44995e-19
-0.25 	-0.0625 	0.5 	87.8688 	27.7751 	2.71637e-19
-0.1875 	-0.0625 	0.5 	85.2798 	30.0503 	1.33527e-18
-0.125 	-0.0625 	0.5 	80.552 	32.7101 	-3.46775e-19
-0.0625 	-0.0625 	0.5 	71.0152 	34.0997 	4.45353e-19
-3.52756e-15 	-0.0625 	0.5 	57.0667 	23.1404 	-8.88531e-20
0.0625 	-0.0625 	0.5 	63.2669 	4.75141 	-1.28905e-18
0.125 	-0.0625 	0.5 	74.1245 	2.00081 	7.73864e-20
0.1875 	-0.0625 	0.5 	79.7016 	4.29169 	-3.23875e-19
0.25 	-0.0625 	0.5 	80.4356 	6.65579 	7.02106e-19
0.3125 	-0.0625 	0.5 	80.3065 	6.73525 	-2.79963e-19
0.375 	-0.0625 	0.5 	80.4127 	6.11377 	6.70463e-19
0.4375 	-0.0625 	0.5 	80.9289 	5.16543 	1.18312e-18
0.5 	-0.0625 	0.5 	81.6767 	4.36848 	2.74742e-20
0.5625 	-0.0625 	0.5 	82.3963 	3.61875 	-6.06958e-19
0.625 	-0.0625 	0.5 	83.2229 	2.79433 	-2.23577e-19
0.6875 	-0.0625 	0.5 	84.2228 	2.02833 	7.90693e-19
0.75 	-0.0625 	0.5 	85.3661 	1.38025 	4.82197e-20
0.8125 	-0.0625 	0.5 	86.5923 	0.871176 	4.71766e-21
0.875 	-0.0625 	0.5 	87.9449 	0.450148 	1.12311e-19
0.9375 	-0.0625 	0.5 	89.6738 	0.353765 	7.41411e-20
1 	-0.0625 	0.5 	91.0884 	1.21148 	2.97369e-21
1.0625 	-0.0625 	0.5 	91.7333 	1.72884 	4.65649e-19
1.125 	-0.0625 	0.5 	92.4764 	2.18482 	4.47968e-19
1.1875 	-0.0625 	0.5 	93.1512 	2.67702 	1.19786e-19
1.25 	-0.0625 	0.5 	93.6962 	3.27424 	9.73596e-19
1.3125 	-0.0625 	0.5 	93.7512 	3.66945 	-1.15479e-19
1.375 	-0.0625 	0.5 	94.3865 	4.08682 	2.18008e-19
1.4375 	-0.0625 	0.5 	94.3701 	4.54181 	9.2406e-20
-0.5 	-7.58942e-19 	0.5 	92.8817 	22.934 	-5.31716e-20
-0.4375 	0 	0.5 	92.5053 	24.0312 	-1.56119e-19
-0.375 	-4.33681e-19 	0.5 	91.9999 	25.3672 	3.09349e-20
-0.3125 	-6.50521e-19 	0.5 	91.3269 	27.1586 	-2.62957e-20
-0.25 	-2.38524e-18 	0.5 	90.2807 	29.4645 	-9.97357e-20
-0.1875 	-4.06576e-19 	0.5 	88.6046 	32.9376 	5.51156e-20
-0.125 	1.0842e-18 	0.5 	85.7413 	38.431 	-2.20591e-19
-0.0625 	1.13841e-18 	0.5 	78.8744 	50.1802 	-3.41474e-19
-2.70644e-17 	1.40946e-18 	0.5 	1.34839 	65.0239 	-2.94841e-18
0.625 	5.42101e-20 	0.5 	26.9334 	0.519893 	-2.85647e-19
0.6875 	-5.42101e-20 	0.5 	57.0602 	0.705706 	2.76778e-19
0.75 	4.33681e-19 	0.5 	66.3675 	0.23999 	-7.6721e-19
0.8125 	-4.87891e-19 	0.5 	58.4404 	-0.268072 	2.43139e-20
0.875 	-3.79471e-19 	0.5 	52.8359 	-0.530273 	4.7191e-19
0.9375 	-1.6263e-19 	0.5 	27.814 	-0.829211 	-2.89358e-19
1 	3.9041e-19 	0.5 	3.46032e-15 	-5.05921e-16 	1.10156e-35
1.0625 	4.33681e-19 	0.5 	72.4712 	0.813268 	2.60074e-19
1.125 	-2.05998e-18 	0.5 	75.5029 	1.34366 	2.3199e-18
1.1875 	-2.20906e-18 	0.5 	79.7551 	2.34229 	6.44081e-19
1.25 	-1.51788e-18 	0.5 	82.0594 	2.7268 	-2.12338e-19
1.3125 	-5.06865e-18 	0.5 	83.105 	3.37483 	-2.21259e-19
1.375 	-5.20417e-18 	0.5 	84.5039 	3.72554 	-3.9709e-19
1.4375 	-7.58942e-18 	0.5 	85.3439 	4.16393 	-9.28438e-19
-0.5 	0.0625 	0.5 	93.8411 	23.1658 	2.76214e-20
-0.4375 	0.0625 	0.5 	93.7313 	24.309 	-5.12265e-20
-0.375 	0.0625 	0.5 	93.5706 	25.7376 	3.39375e-20
-0.3125 	0.0625 	0.5 	93.3686 	27.655 	-1.12278e-19
-0.25 	0.0625 	0.5 	93.2474 	30.1831 	-1.51823e-19
-0.1875 	0.0625 	0.5 	93.2376 	33.8924 	3.33183e-20
-0.125 	0.0625 	0.5 	93.7782 	39.8092 	-2.01349e-19
-0.0625 	0.0625 	0.5 	97.4837 	49.8738 	1.75635e-20
-3.15503e-17 	0.0625 	0.5 	115.454 	60.0098 	8.47545e-19
0.0625 	0.0625 	0.5 	132.445 	48.2476 	-2.93596e-18
0.125 	0.0625 	0.5 	120.235 	30.4419 	3.14963e-20
0.6875 	0.0625 	0.5 	80.0131 	-11.2586 	-2.0973e-19
0.75 	0.0625 	0.5 	85.124 	-12.174 	4.25576e-19
0.8125 	0.0625 	0.5 	86.401 	-11.8926 	-8.38133e-20
0.875 	0.0625 	0.5 	86.0713 	-10.9398 	6.33274e-20
0.9375 	0.0625 	0.5 	84.8466 	-9.27165 	-1.31515e-20
1 	0.0625 	0.5 	83.2458 	-6.32275 	1.12929e-19
1.0625 	0.0625 	0.5 	83.0114 	-2.9105 	-1.57478e-20
1.125 	0.0625 	0.5 	83.078 	-0.812908 	1.37891e-19
1.1875 	0.0625 	0.5 	83.2779 	0.233495 	-1.22167e-18
1.25 	0.0625 	0.5 	81.7105 	1.09559 	2.02969e-19
1.3125 	0.0625 	0.5 	81.6052 	1.9849 	3.75437e-19
1.375 	0.0625 	0.5 	82.1744 	2.74034 	-2.55062e-19
1.4375 	0.0625 	0.5 	82.4363 	3.31432 	-1.91526e-19
-0.5 	0.125 	0.5 	94.8522 	23.189 	-2.03297e-19
-0.4375 	0.125 	0.5 	94.9948 	24.3109 	-4.87148e-19
-0.375 	0.125 	0.5 	95.1942 	25.7149 	-1.47156e-19
-0.3125 	0.125 	0.5 	95.4589 	27.4854 	-3.16718e-20
-0.25 	0.125 	0.5 	96.0945 	29.8165 	-6.15941e-19
-0.1875 	0.125 	0.5 	97.3019 	32.9088 	-5.88825e-19
-0.125 	0.125 	0.5 	99.8572 	36.9944 	-6.0145e-19
-0.0625 	0.125 	0.5 	105.325 	41.5854 	-2.13057e-19
-1.43613e-15 	0.125 	0.5 	114.781 	43.5118 	8.71927e-19
0.0625 	0.125 	0.5 	124.801 	39.3355 	-1.47268e-19
0.125 	0.125 	0.5 	130.926 	31.7382 	5.19652e-19
0.1875 	0.125 	0.5 	133.498 	23.1839 	2.07544e-18
0.25 	0.125 	0.5 	132.866 	15.6209 	-7.2201e-19
0.3125 	0.125 	0.5 	131.287 	9.34185 	7.57062e-19
0.375 	0.125 	0.5 	128.865 	3.27582 	-1.63653e-18
0.4375 	0.125 	0.5 	125.083 	-2.29557 	6.97997e-19
0.5 	0.125 	0.5 	120.376 	-6.06607 	1.07942e-18
0.5625 	0.125 	0.5 	115.972 	-8.34436 	-5.34911e-20
0.625 	0.125 	0.5 	111.968 	-9.47765 	1.45274e-19
0.6875 	0.125 	0.5 	108.33 	-10.0742 	-4.49023e-19
0.75 	0.125 	0.5 	104.898 	-10.1375 	-2.25053e-19
0.8125 	0.125 	0.5 	101.621 	-9.64107 	1.04048e-19
0.875 	0.125 	0.5 	98.6587 	-8.57201 	1.04473e-20
0.9375 	0.125 	0.5 	95.9902 	-6.99953 	-4.14656e-20
1 	0.125 	0.5 	94.0528 	-4.89789 	1.85338e-20
1.0625 	0.125 	0.5 	92.9736 	-2.6797 	-3.60379e-20
1.125 	0.125 	0.5 	92.4235 	-0.848248 	2.33825e-20
1.1875 	0.125 	0.5 	92.3983 	0.516136 	1.11192e-20
1.25 	0.125 	0.5 	92.2816 	1.55433 	-3.88251e-19
1.3125 	0.125 	0.5 	92.064 	2.38941 	-5.88901e-20
1.375 	0.125 	0.5 	91.7106 	3.03876 	9.80096e-21
1.4375 	0.125 	0.5 	91.0531 	3.51646 	5.81713e-20
-0.5 	0.1875 	0.5 	95.8702 	23.0034 	6.38782e-19
-0.4375 	0.1875 	0.5 	96.1911 	24.0562 	3.52808e-19
-0.375 	0.1875 	0.5 	96.6448 	25.2872 	-7.44846e-19
-0.3125 	0.1875 	0.5 	97.3335 	26.836 	3.98717e-19
-0.25 	0.1875 	0.5 	98.5028 	28.6686 	1.00525e-18
-0.1875 	0.1875 	0.5 	100.24 	30.8581 	5.5267e-19
-0.125 	0.1875 	0.5 	103.116 	33.2497 	-2.44119e-19
-0.0625 	0.1875 	0.5 	107.699 	35.0992 	1.22878e-18
-2.95456e-15 	0.1875 	0.5 	113.729 	35.1723 	-9.97439e-19
0.0625 	0.1875 	0.5 	119.926 	32.5096 	4.54294e-21
0.125 	0.1875 	0.5 	124.604 	27.6867 	-5.71731e-19
0.1875 	0.1875 	0.5 	127.234 	21.885 	3.80646e-20
0.25 	0.1875 	0.5 	128.026 	16.043 	7.39688e-19
0.3125 	0.1875 	0.5 	127.55 	10.6634 	-7.30429e-19
0.375 	0.1875 	0.5 	126.03 	5.69114 	7.65034e-19
0.4375 	0.1875 	0.5 	123.542 	1.34317 	-1.41442e-18
0.5 	0.1875 	0.5 	120.279 	-2.02017 	-1.39543e-18
0.5625 	0.1875 	0.5 	116.76 	-4.36254 	3.95941e-18
0.625 	0.1875 	0.5 	113.282 	-5.80783 	-7.16325e-19
0.6875 	0.1875 	0.5 	109.976 	-6.64227 	1.22272e-19
0.75 	0.1875 	0.5 	106.849 	-6.90203 	4.25254e-19
0.8125 	0.1875 	0.5 	103.918 	-6.6484 	2.47037e-20
0.875 	0.1875 	0.5 	101.313 	-5.93944 	1.56705e-19
0.9375 	0.1875 	0.5 	99.0659 	-4.81196 	-2.15895e-19
1 	0.1875 	0.5 	97.2843 	-3.38261 	2.43472e-19
1.0625 	0.1875 	0.5 	96.0929 	-1.8621 	-5.48069e-20
1.125 	0.1875 	0.5 	95.3697 	-0.434895 	-1.16459e-20
1.1875 	0.1875 	0.5 	94.9465 	0.72682 	3.85402e-20
1.25 	0.1875 	0.5 	94.688 	1.69223 	-4.53661e-20
1.3125 	0.1875 	0.5 	94.5153 	2.50315 	-8.15362e-20
1.375 	0.1875 	0.5 	94.4196 	3.18368 	2.67966e-20
1.4375 	0.1875 	0.5 	94.3374 	3.75315 	2.6858e-20
-0.5 	0.25 	0.5 	96.7591 	22.6622 	8.68106e-19
-0.4375 	0.25 	0.5 	97.2193 	23.5761 	-2.85508e-20
-0.375 	0.25 	0.5 	97.8921 	24.6018 	2.29459e-18
-0.3125 	0.25 	0.5 	98.8218 	25.8422 	3.63094e-19
-0.25 	0.25 	0.5 	100.157 	27.1606 	6.67185e-19
-0.1875 	0.25 	0.5 	102.057 	28.5954 	-1.20575e-19
-0.125 	0.25 	0.5 	104.733 	29.8492 	1.73895e-18
-0.0625 	0.25 	0.5 	108.303 	30.4795 	1.78549e-20
-3.04303e-15 	0.25 	0.5 	112.489 	29.895 	-1.86355e-18
0.0625 	0.25 	0.5 	116.608 	27.8384 	7.05063e-19
0.125 	0.25 	0.5 	120.02 	24.4084 	-3.65246e-20
0.1875 	0.25 	0.5 	122.232 	20.2433 	-2.30542e-18
0.25 	0.25 	0.5 	123.217 	15.7732 	-4.66324e-18
0.3125 	0.25 	0.5 	123.121 	11.4332 	-2.42343e-20
0.375 	0.25 	0.5 	122.118 	7.40333 	2.70664e-19
0.4375 	0.25 	0.5 	120.343 	3.84851 	-3.67487e-19
0.5 	0.25 	0.5 	117.997 	0.964982 	-1.81687e-18
0.5625 	0.25 	0.5 	115.333 	-1.24261 	1.68224e-18
0.625 	0.25 	0.5 	112.579 	-2.72551 	-3.78098e-19
0.6875 	0.25 	0.5 	109.836 	-3.68053 	1.84143e-19
0.75 	0.25 	0.5 	107.194 	-4.10612 	4.74198e-19
0.8125 	0.25 	0.5 	104.709 	-4.08472 	1.48406e-19
0.875 	0.25 	0.5 	102.516 	-3.66704 	4.16007e-20
0.9375 	0.25 	0.5 	100.57 	-2.93987 	-9.82345e-19
1 	0.25 	0.5 	99.0091 	-1.97026 	-1.13897e-20
1.0625 	0.25 	0.5 	97.8314 	-0.878571 	8.60927e-20
1.125 	0.25 	0.5 	96.9923 	0.176785 	-9.42161e-20
1.1875 	0.25 	0.5 	96.4007 	1.1351 	3.41275e-20
1.25 	0.25 	0.5 	96.0119 	1.97209 	1.14365e-20
1.3125 	0.25 	0.5 	95.7157 	2.70364 	7.6227e-21
1.375 	0.25 	0.5 	95.4797 	3.33217 	1.1224e-20
1.4375 	0.25 	0.5 	95.3494 	3.83679 	-1.02665e-20
-0.5 	0.3125 	0.5 	97.5135 	22.1837 	-3.15934e-19
-0.4375 	0.3125 	0.5 	98.1142 	22.9719 	1.81449e-19
-0.375 	0.3125 	0.5 	98.8801 	23.7852 	-2.2197e-18
-0.3125 	0.3125 	0.5 	99.9133 	24.6732 	1.3775e-18
-0.25 	0.3125 	0.5 	101.315 	25.6099 	-1.16326e-18
-0.1875 	0.3125 	0.5 	103.072 	26.4652 	-1.64514e-19
-0.125 	0.3125 	0.5 	105.352 	26.9808 	-1.60593e-21
-0.0625 	0.3125 	0.5 	108.104 	27.0578 	-4.70928e-19
-9.6288e-16 	0.3125 	0.5 	111.18 	26.2429 	2.93206e-19
0.0625 	0.3125 	0.5 	114.173 	24.4934 	8.37415e-20
0.125 	0.3125 	0.5 	116.652 	21.9312 	-7.10243e-19
0.1875 	0.3125 	0.5 	118.435 	18.7652 	-8.80132e-19
0.25 	0.3125 	0.5 	119.324 	15.3215 	1.75545e-18
0.3125 	0.3125 	0.5 	119.402 	11.8643 	7.12665e-19
0.375 	0.3125 	0.5 	118.748 	8.57912 	-1.12366e-19
0.4375 	0.3125 	0.5 	117.486 	5.64511 	3.02326e-19
0.5 	0.3125 	0.5 	115.758 	3.18697 	2.88689e-19
0.5625 	0.3125 	0.5 	113.749 	1.17507 	6.73933e-20
0.625 	0.3125 	0.5 	111.535 	-0.239936 	9.43348e-19
0.6875 	0.3125 	0.5 	109.307 	-1.22346 	-6.818e-19
0.75 	0.3125 	0.5 	107.112 	-1.75556 	-1.1376e-18
0.8125 	0.3125 	0.5 	105.035 	-1.91717 	2.37186e-20
0.875 	0.3125 	0.5 	103.126 	-1.72602 	1.87574e-19
0.9375 	0.3125 	0.5 	101.473 	-1.27999 	3.07279e-20
1 	0.3125 	0.5 	100.043 	-0.634819 	-2.74753e-19
1.0625 	0.3125 	0.5 	98.9242 	0.122365 	3.97961e-19
1.125 	0.3125 	0.5 	98.0508 	0.91108 	2.05066e-19
1.1875 	0.3125 	0.5 	97.4033 	1.66534 	-2.09599e-19
1.25 	0.3125 	0.5 	96.9192 	2.35887 	3.99422e-19
1.3125 	0.3125 	0.5 	96.5467 	2.98481 	1.62311e-21
1.375 	0.3125 	0.5 	96.2779 	3.53475 	-1.94217e-19
1.4375 	0.3125 	0.5 	96.0561 	4.02357 	-1.48818e-20
-0.5 	0.375 	0.5 	98.1647 	21.6479 	5.46514e-19
-0.4375 	0.375 	0.5 	98.8146 	22.2523 	9.49607e-19
-0.375 	0.375 	0.5 	99.6305 	22.8991 	3.27799e-20
-0.3125 	0.375 	0.5 	100.658 	23.5066 	3.0513e-19
-0.25 	0.375 	0.5 	101.955 	24.1191 	1.36175e-20
-0.1875 	0.375 	0.5 	103.559 	24.5221 	-7.36563e-19
-0.125 	0.375 	0.5 	105.5 	24.7095 	-4.19946e-20
-0.0625 	0.375 	0.5 	107.7 	24.4034 	-4.9509e-19
4.35849e-17 	0.375 	0.5 	110.005 	23.572 	2.10972e-18
0.0625 	0.375 	0.5 	112.216 	22.1191 	-7.32917e-19
0.125 	0.375 	0.5 	114.059 	20.0878 	3.07001e-19
0.1875 	0.375 	0.5 	115.427 	17.5815 	-1.26769e-18
0.25 	0.375 	0.5 	116.209 	14.8619 	-3.3163e-18
0.3125 	0.375 	0.5 	116.32 	12.0397 	-3.94802e-20
0.375 	0.375 	0.5 	115.934 	9.3893 	2.56184e-19
0.4375 	0.375 	0.5 	115.015 	6.95622 	2.21342e-20
0.5 	0.375 	0.5 	113.731 	4.82484 	2.47194e-18
0.5625 	0.375 	0.5 	112.136 	3.10864 	1.01745e-18
0.625 	0.375 	0.5 	110.371 	1.76924 	-6.07395e-19
0.6875 	0.375 	0.5 	108.571 	0.790372 	-2.36973e-18
0.75 	0.375 	0.5 	106.77 	0.21441 	2.93337e-19
0.8125 	0.375 	0.5 	105.033 	-0.0814124 	2.10289e-18
0.875 	0.375 	0.5 	103.427 	-0.0749644 	7.52204e-19
0.9375 	0.375 	0.5 	101.965 	0.159402 	-4.19021e-20
1 	0.375 	0.5 	100.72 	0.578049 	3.25363e-19
1.0625 	0.375 	0.5 	99.6673 	1.09087 	4.0237e-19
1.125 	0.375 	0.5 	98.823 	1.66852 	-2.45892e-19
1.1875 	0.375 	0.5 	98.1428 	2.23895 	5.57825e-19
1.25 	0.375 	0.5 	97.6118 	2.8004 	1.92682e-19
1.3125 	0.375 	0.5 	97.186 	3.32579 	2.46983e-19
1.375 	0.375 	0.5 	96.8615 	3.80056 	-3.36677e-20
1.4375 	0.375 	0.5 	96.5943 	4.23361 	-1.92347e-20
-0.5 	0.4375 	0.5 	98.6682 	21.0379 	-1.19168e-18
-0.4375 	0.4375 	0.5 	99.355 	21.517 	-1.27653e-18
-0.375 	0.4375 	0.5 	100.159 	21.9539 	-4.49698e-18
-0.3125 	0.4375 	0.5 	101.147 	22.3928 	-7.22302e-19
-0.25 	0.4375 	0.5 	102.342 	22.7216 	3.284e-19
-0.1875 	0.4375 	0.5 	103.732 	22.901 	-4.9989e-20
-0.125 	0.4375 	0.5 	105.331 	22.8354 	5.22356e-19
-0.0625 	0.4375 	0.5 	107.098 	22.4077 	2.72819e-18
1.62874e-15 	0.4375 	0.5 	108.883 	21.5687 	-1.29109e-19
0.0625 	0.4375 	0.5 	110.549 	20.2889 	5.06756e-18
0.125 	0.4375 	0.5 	112.006 	18.6377 	-3.91632e-18
0.1875 	0.4375 	0.5 	113.079 	16.6306 	-4.21023e-19
0.25 	0.4375 	0.5 	113.691 	14.4108 	-1.75103e-18
0.3125 	0.4375 	0.5 	113.854 	12.1883 	9.95059e-24
0.375 	0.4375 	0.5 	113.6 	9.9504 	2.68647e-19
0.4375 	0.4375 	0.5 	112.911 	7.92308 	-1.73055e-18
0.5 	0.4375 	0.5 	111.919 	6.1365 	2.29258e-20
0.5625 	0.4375 	0.5 	110.699 	4.58444 	-1.12561e-18
0.625 	0.4375 	0.5 	109.309 	3.38316 	1.91855e-18
0.6875 	0.4375 	0.5 	107.828 	2.44472 	-1.56556e-19
0.75 	0.4375 	0.5 	106.354 	1.83156 	-1.62412e-18
0.8125 	0.4375 	0.5 	104.878 	1.47712 	-2.10626e-19
0.875 	0.4375 	0.5 	103.502 	1.37195 	-8.4282e-19
0.9375 	0.4375 	0.5 	102.237 	1.44385 	-8.60322e-19
1 	0.4375 	0.5 	101.134 	1.66506 	3.22256e-19
1.0625 	0.4375 	0.5 	100.163 	2.01143 	9.83867e-21
1.125 	0.4375 	0.5 	99.3473 	2.4117 	2.74603e-19
1.1875 	0.4375 	0.5 	98.6823 	2.84547 	-8.43672e-19
1.25 	0.4375 	0.5 	98.1318 	3.28177 	1.15813e-18
1.3125 	0.4375 	0.5 	97.6884 	3.7174 	4.14551e-19
1.375 	0.4375 	0.5 	97.3255 	4.11651 	-8.17677e-19
1.4375 	0.4375 	0.5 	97.0196 	4.4927 	6.40361e-20
-0.5 	0.5 	0.5 	99.0598 	20.4414 	6.66418e-19
-0.4375 	0.5 	0.5 	99.7028 	20.7882 	3.50482e-19
-0.375 	0.5 	0.5 	100.487 	21.0822 	2.35027e-18
-0.3125 	0.5 	0.5 	101.418 	21.3466 	-1.98665e-19
-0.25 	0.5 	0.5 	102.491 	21.503 	4.04406e-18
-0.1875 	0.5 	0.5 	103.714 	21.5026 	8.56486e-19
-0.125 	0.5 	0.5 	105.017 	21.3078 	-9.19905e-19
-0.0625 	0.5 	0.5 	106.455 	20.8137 	-2.43329e-19
6.39246e-16 	0.5 	0.5 	107.855 	20.0213 	4.91514e-19
0.0625 	0.5 	0.5 	109.162 	18.909 	-3.41032e-18
0.125 	0.5 	0.5 	110.288 	17.4622 	3.95929e-18
0.1875 	0.5 	0.5 	111.151 	15.8436 	-9.18791e-19
0.25 	0.5 	0.5 	111.653 	14.0762 	-4.58704e-18
0.3125 	0.5 	0.5 	111.83 	12.2104 	-6.06751e-19
0.375 	0.5 	0.5 	111.636 	10.3988 	1.28652e-19
0.4375 	0.5 	0.5 	111.153 	8.63729 	-2.10407e-19
0.5 	0.5 	0.5 	110.377 	7.12586 	-1.80947e-18
0.5625 	0.5 	0.5 	109.432 	5.76905 	2.79183e-18
0.625 	0.5 	0.5 	108.296 	4.66955 	-4.09261e-18
0.6875 	0.5 	0.5 	107.097 	3.81219 	1.71919e-19
0.75 	0.5 	0.5 	105.853 	3.18602 	9.8464e-19
0.8125 	0.5 	0.5 	104.62 	2.78783 	1.52971e-18
0.875 	0.5 	0.5 	103.46 	2.57634 	-1.87143e-20
0.9375 	0.5 	0.5 	102.351 	2.54097 	1.30716e-19
1 	0.5 	0.5 	101.372 	2.65659 	7.9747e-20
1.0625 	0.5 	0.5 	100.491 	2.86169 	4.9527e-19
1.125 	0.5 	0.5 	99.7475 	3.14062 	-3.04424e-19
1.1875 	0.5 	0.5 	99.089 	3.46076 	5.60332e-19
1.25 	0.5 	0.5 	98.5313 	3.79417 	-1.79573e-18
1.3125 	0.5 	0.5 	98.0746 	4.12559 	8.73705e-20
1.375 	0.5 	0.5 	97.7123 	4.46663 	3.36847e-19
1.4375 	0.5 	0.5 	97.3765 	4.77526 	5.13624e-19
-0.5 	0.5625 	0.5 	99.3362 	19.8371 	1.25057e-18
-0.4375 	0.5625 	0.5 	99.9688 	20.0785 	-2.17062e-19
-0.375 	0.5625 	0.5 	100.702 	20.2733 	1.58189e-19
-0.3125 	0.5625 	0.5 	101.536 	20.4016 	-9.6843e-19
-0.25 	0.5625 	0.5 	102.495 	20.4402 	-9.06286e-18
-0.1875 	0.5625 	0.5 	103.529 	20.3373 	4.43074e-19
-0.125 	0.5625 	0.5 	104.634 	19.9828 	8.61687e-21
-0.0625 	0.5625 	0.5 	105.786 	19.4867 	-3.21876e-19
-1.6967e-15 	0.5625 	0.5 	106.944 	18.7401 	3.57335e-18
0.0625 	0.5625 	0.5 	107.979 	17.8297 	-6.71013e-19
0.125 	0.5625 	0.5 	108.847 	16.6189 	-1.106e-18
0.1875 	0.5625 	0.5 	109.526 	15.2398 	1.86049e-19
0.25 	0.5625 	0.5 	109.952 	13.7599 	-3.28197e-20
0.3125 	0.5625 	0.5 	110.089 	12.2063 	2.43999e-19
0.375 	0.5625 	0.5 	109.983 	10.6764 	4.23085e-18
0.4375 	0.5625 	0.5 	109.61 	9.22164 	3.35164e-18
0.5 	0.5625 	0.5 	109.033 	7.8915 	1.93977e-18
0.5625 	0.5625 	0.5 	108.259 	6.70929 	-4.09703e-19
0.625 	0.5625 	0.5 	107.354 	5.72465 	1.39071e-19
0.6875 	0.5625 	0.5 	106.368 	4.92879 	1.8457e-18
0.75 	0.5625 	0.5 	105.355 	4.3243 	5.31876e-19
0.8125 	0.5625 	0.5 	104.34 	3.9181 	-8.71333e-19
0.875 	0.5625 	0.5 	103.292 	3.64474 	3.287e-19
0.9375 	0.5625 	0.5 	102.354 	3.53142 	1.06091e-19
1 	0.5625 	0.5 	101.469 	3.57334 	-6.17187e-20
1.0625 	0.5625 	0.5 	100.684 	3.65279 	-1.63271e-19
1.125 	0.5625 	0.5 	99.9823 	3.82103 	-1.22518e-20
1.1875 	0.5625 	0.5 	99.3719 	4.03701 	2.25065e-18
1.25 	0.5625 	0.5 	98.8436 	4.28424 	-9.09075e-20
1.3125 	0.5625 	0.5 	98.3967 	4.55012 	7.88021e-20
1.375 	0.5625 	0.5 	98.0031 	4.81271 	-9.83704e-19
1.4375 	0.5625 	0.5 	97.6693 	5.07435 	-2.40814e-20
-0.5 	0.625 	0.5 	99.5198 	19.2577 	4.60774e-19
-0.4375 	0.625 	0.5 	100.114 	19.4217 	-7.33255e-19
-0.375 	0.625 	0.5 	100.819 	19.5076 	3.47825e-21
-0.3125 	0.625 	0.5 	101.572 	19.5583 	-1.14121e-19
-0.25 	0.625 	0.5 	102.409 	19.4893 	2.02416e-19
-0.1875 	0.625 	0.5 	103.308 	19.3183 	2.13225e-19
-0.125 	0.625 	0.5 	104.243 	19.0036 	-2.38734e-19
-0.0625 	0.625 	0.5 	105.185 	18.5053 	-1.39626e-18
-2.80982e-15 	0.625 	0.5 	106.102 	17.8123 	1.87065e-19
0.0625 	0.625 	0.5 	106.93 	16.9327 	5.91287e-18
0.125 	0.625 	0.5 	107.644 	15.9211 	2.07616e-18
0.1875 	0.625 	0.5 	108.186 	14.7112 	3.67078e-19
0.25 	0.625 	0.5 	108.543 	13.478 	-2.03016e-18
0.3125 	0.625 	0.5 	108.665 	12.1815 	-4.0983e-19
0.375 	0.625 	0.5 	108.58 	10.8876 	-1.35578e-18
0.4375 	0.625 	0.5 	108.29 	9.65115 	4.40624e-21
0.5 	0.625 	0.5 	107.82 	8.48263 	4.46093e-19
0.5625 	0.625 	0.5 	107.211 	7.44241 	-2.03688e-18
0.625 	0.625 	0.5 	106.501 	6.60794 	1.2497e-18
0.6875 	0.625 	0.5 	105.674 	5.84863 	-1.23636e-18
0.75 	0.625 	0.5 	104.814 	5.27756 	8.26051e-19
0.8125 	0.625 	0.5 	103.938 	4.82673 	1.31135e-18
0.875 	0.625 	0.5 	103.089 	4.5504 	1.2168e-18
0.9375 	0.625 	0.5 	102.274 	4.38261 	1.25552e-18
1 	0.625 	0.5 	101.497 	4.3212 	4.30559e-19
1.0625 	0.625 	0.5 	100.785 	4.34922 	5.8461e-19
1.125 	0.625 	0.5 	100.14 	4.44691 	3.04241e-20
1.1875 	0.625 	0.5 	99.5599 	4.58776 	2.13333e-19
1.25 	0.625 	0.5 	99.0631 	4.77347 	-1.09449e-19
1.3125 	0.625 	0.5 	98.6158 	4.96703 	-2.15569e-19
1.375 	0.625 	0.5 	98.2372 	5.16727 	5.64772e-19
1.4375 	0.625 	0.5 	97.903 	5.3824 	-1.80219e-19
-0.5 	0.6875 	0.5 	99.6499 	18.7408 	-5.49314e-19
-0.4375 	0.6875 	0.5 	100.196 	18.8086 	-2.61062e-19
-0.375 	0.6875 	0.5 	100.842 	18.8518 	2.43009e-18
-0.3125 	0.6875 	0.5 	101.508 	18.7999 	-1.0076e-18
-0.25 	0.6875 	0.5 	102.25 	18.6841 	3.4739e-18
-0.1875 	0.6875 	0.5 	103.01 	18.469 	-1.4239e-18
-0.125 	0.6875 	0.5 	103.806 	18.106 	2.60452e-18
-0.0625 	0.6875 	0.5 	104.601 	17.6214 	5.29206e-19
-2.92561e-15 	0.6875 	0.5 	105.359 	17.0372 	2.2244e-21
0.0625 	0.6875 	0.5 	106.038 	16.2367 	3.65213e-18
0.125 	0.6875 	0.5 	106.616 	15.3405 	-5.35175e-19
0.1875 	0.6875 	0.5 	107.046 	14.3433 	7.74051e-21
0.25 	0.6875 	0.5 	107.34 	13.2664 	-2.11623e-19
0.3125 	0.6875 	0.5 	107.446 	12.18 	7.85046e-19
0.375 	0.6875 	0.5 	107.378 	11.0545 	-1.26166e-19
0.4375 	0.6875 	0.5 	107.159 	9.97501 	1.37286e-18
0.5 	0.6875 	0.5 	106.801 	8.98792 	-5.39926e-18
0.5625 	0.6875 	0.5 	106.284 	8.08685 	4.92607e-19
0.625 	0.6875 	0.5 	105.692 	7.28564 	1.07656e-18
0.6875 	0.6875 	0.5 	105.025 	6.61915 	7.35875e-19
0.75 	0.6875 	0.5 	104.311 	6.06951 	-6.33646e-19
0.8125 	0.6875 	0.5 	103.567 	5.63273 	-4.18085e-18
0.875 	0.6875 	0.5 	102.825 	5.32362 	2.82178e-19
0.9375 	0.6875 	0.5 	102.121 	5.13881 	-2.54107e-18
1 	0.6875 	0.5 	101.435 	5.02031 	5.22899e-20
1.0625 	0.6875 	0.5 	100.801 	4.99304 	-3.67712e-19
1.125 	0.6875 	0.5 	100.216 	5.02495 	5.01816e-19
1.1875 	0.6875 	0.5 	99.6813 	5.11528 	6.17271e-19
1.25 	0.6875 	0.5 	99.2097 	5.23021 	-6.68465e-19
1.3125 	0.6875 	0.5 	98.7791 	5.37326 	-1.85653e-20
1.375 	0.6875 	0.5 	98.4103 	5.52581 	-4.15633e-19
1.4375 	0.6875 	0.5 	98.0758 	5.69331 	-1.89835e-19
-0.5 	0.75 	0.5 	99.7231 	18.1996 	2.9348e-19
-0.4375 	0.75 	0.5 	100.224 	18.236 	-1.98793e-18
-0.375 	0.75 	0.5 	100.784 	18.1977 	-3.28257e-18
-0.3125 	0.75 	0.5 	101.399 	18.0988 	-3.43537e-18
-0.25 	0.75 	0.5 	102.04 	17.9879 	1.43433e-18
-0.1875 	0.75 	0.5 	102.694 	17.7284 	-1.80929e-18
-0.125 	0.75 	0.5 	103.377 	17.3836 	-1.5815e-18
-0.0625 	0.75 	0.5 	104.038 	16.932 	-2.6473e-18
-3.23862e-15 	0.75 	0.5 	104.662 	16.3427 	-2.74348e-18
0.0625 	0.75 	0.5 	105.223 	15.6556 	7.94595e-19
0.125 	0.75 	0.5 	105.701 	14.8686 	-4.87313e-19
0.1875 	0.75 	0.5 	106.08 	14.0059 	-1.18617e-18
0.25 	0.75 	0.5 	106.285 	13.09 	1.53163e-22
0.3125 	0.75 	0.5 	106.398 	12.1382 	-3.38309e-20
0.375 	0.75 	0.5 	106.364 	11.1866 	3.36955e-19
0.4375 	0.75 	0.5 	106.195 	10.2504 	4.39984e-19
0.5 	0.75 	0.5 	105.875 	9.38603 	7.10201e-20
0.5625 	0.75 	0.5 	105.485 	8.5737 	-5.0795e-18
0.625 	0.75 	0.5 	104.984 	7.87219 	-4.4557e-20
0.6875 	0.75 	0.5 	104.423 	7.25276 	1.22574e-18
0.75 	0.75 	0.5 	103.841 	6.74769 	4.13544e-19
0.8125 	0.75 	0.5 	103.203 	6.35542 	-5.96098e-19
0.875 	0.75 	0.5 	102.561 	6.02009 	1.82545e-18
0.9375 	0.75 	0.5 	101.928 	5.79125 	-9.37136e-20
1 	0.75 	0.5 	101.338 	5.65623 	-4.12799e-19
1.0625 	0.75 	0.5 	100.771 	5.5778 	9.49756e-19
1.125 	0.75 	0.5 	100.246 	5.56779 	-4.84461e-19
1.1875 	0.75 	0.5 	99.7443 	5.5912 	2.01763e-19
1.25 	0.75 	0.5 	99.3058 	5.65476 	-3.63152e-19
1.3125 	0.75 	0.5 	98.9006 	5.76054 	7.38039e-21
1.375 	0.75 	0.5 	98.5405 	5.87066 	1.72305e-18
1.4375 	0.75 	0.5 	98.218 	5.99809 	-7.52827e-19
-0.5 	0.8125 	0.5 	99.7232 	17.7248 	-1.50937e-18
-0.4375 	0.8125 	0.5 	100.195 	17.729 	-7.41662e-19
-0.375 	0.8125 	0.5 	100.722 	17.679 	1.88131e-18
-0.3125 	0.8125 	0.5 	101.252 	17.5697 	4.21207e-19
-0.25 	0.8125 	0.5 	101.8 	17.3689 	-1.91538e-18
-0.1875 	0.8125 	0.5 	102.386 	17.1112 	1.24746e-18
-0.125 	0.8125 	0.5 	102.96 	16.769 	1.5606e-18
-0.0625 	0.8125 	0.5 	103.515 	16.3395 	-5.48411e-19
-3.5783e-15 	0.8125 	0.5 	104.03 	15.7955 	-4.10219e-18
0.0625 	0.8125 	0.5 	104.521 	15.188 	-1.00457e-19
0.125 	0.8125 	0.5 	104.915 	14.4961 	1.74346e-18
0.1875 	0.8125 	0.5 	105.213 	13.7364 	-4.28168e-19
0.25 	0.8125 	0.5 	105.412 	12.9327 	7.70702e-19
0.3125 	0.8125 	0.5 	105.493 	12.1067 	3.10929e-19
0.375 	0.8125 	0.5 	105.453 	11.2638 	3.07079e-18
0.4375 	0.8125 	0.5 	105.323 	10.4753 	-1.99224e-20
0.5 	0.8125 	0.5 	105.082 	9.71043 	3.82231e-18
0.5625 	0.8125 	0.5 	104.739 	8.99668 	9.45784e-19
0.625 	0.8125 	0.5 	104.343 	8.34538 	-1.04161e-19
0.6875 	0.8125 	0.5 	103.883 	7.78379 	-1.5226e-19
0.75 	0.8125 	0.5 	103.348 	7.2975 	-1.03843e-19
0.8125 	0.8125 	0.5 	102.825 	6.92767 	-5.98923e-20
0.875 	0.8125 	0.5 	102.268 	6.60605 	-2.26532e-19
0.9375 	0.8125 	0.5 	101.728 	6.36279 	5.97123e-19
1 	0.8125 	0.5 	101.197 	6.19932 	-1.89009e-18
1.0625 	0.8125 	0.5 	100.69 	6.10035 	5.13719e-19
1.125 	0.8125 	0.5 	100.217 	6.05081 	2.72555e-21
1.1875 	0.8125 	0.5 	99.7683 	6.03719 	-4.72245e-19
1.25 	0.8125 	0.5 	99.3582 	6.06881 	-4.1874e-19
1.3125 	0.8125 	0.5 	98.9785 	6.12938 	7.7199e-20
1.375 	0.8125 	0.5 	98.637 	6.19851 	4.00898e-18
1.4375 	0.8125 	0.5 	98.322 	6.2933 	-2.92597e-19
-0.5 	0.875 	0.5 	99.6947 	17.2892 	-1.18522e-18
-0.4375 	0.875 	0.5 	100.122 	17.2639 	9.07666e-19
-0.375 	0.875 	0.5 	100.577 	17.1524 	1.74558e-18
-0.3125 	0.875 	0.5 	101.085 	17.03 	-3.28444e-19
-0.25 	0.875 	0.5 	101.568 	16.8372 	5.69781e-18
-0.1875 	0.875 	0.5 	102.072 	16.5733 	3.95354e-19
-0.125 	0.875 	0.5 	102.567 	16.246 	1.17828e-19
-0.0625 	0.875 	0.5 	103.053 	15.8337 	-1.70292e-18
-1.42779e-15 	0.875 	0.5 	103.492 	15.3562 	4.41458e-18
0.0625 	0.875 	0.5 	103.863 	14.7734 	2.75008e-19
0.125 	0.875 	0.5 	104.192 	14.1733 	1.01107e-18
0.1875 	0.875 	0.5 	104.457 	13.5055 	-3.223e-19
0.25 	0.875 	0.5 	104.619 	12.7993 	-1.62441e-19
0.3125 	0.875 	0.5 	104.692 	12.083 	-6.59235e-19
0.375 	0.875 	0.5 	104.676 	11.3747 	-4.10582e-18
0.4375 	0.875 	0.5 	104.565 	10.6371 	2.05791e-18
0.5 	0.875 	0.5 	104.337 	9.97388 	9.32188e-20
0.5625 	0.875 	0.5 	104.081 	9.34655 	-6.30248e-20
0.625 	0.875 	0.5 	103.744 	8.76243 	-1.71428e-18
0.6875 	0.875 	0.5 	103.349 	8.25228 	-2.3402e-18
0.75 	0.875 	0.5 	102.913 	7.79289 	6.97964e-20
0.8125 	0.875 	0.5 	102.457 	7.41997 	7.50403e-21
0.875 	0.875 	0.5 	101.985 	7.12125 	-9.27005e-19
0.9375 	0.875 	0.5 	101.514 	6.88024 	-9.63804e-20
1 	0.875 	0.5 	101.059 	6.68111 	2.07736e-18
1.0625 	0.875 	0.5 	100.587 	6.56907 	5.30514e-19
1.125 	0.875 	0.5 	100.158 	6.49294 	7.41137e-19
1.1875 	0.875 	0.5 	99.7462 	6.45372 	2.90672e-19
1.25 	0.875 	0.5 	99.3647 	6.44695 	-1.78294e-19
1.3125 	0.875 	0.5 	99.0098 	6.47829 	-3.96812e-19
1.375 	0.875 	0.5 	98.6798 	6.52376 	2.44148e-19
1.4375 	0.875 	0.5 	98.3912 	6.58514 	-6.54675e-19
-0.5 	0.9375 	0.5 	99.64 	16.8956 	-2.78949e-18
-0.4375 	0.9375 	0.5 	100.026 	16.8273 	-4.12244e-19
-0.375 	0.9375 	0.5 	100.439 	16.7186 	-4.80946e-19
-0.3125 	0.9375 	0.5 	100.884 	16.5738 	-2.59094e-19
-0.25 	0.9375 	0.5 	101.314 	16.373 	-2.84907e-19
-0.1875 	0.9375 	0.5 	101.758 	16.114 	1.03043e-19
-0.125 	0.9375 	0.5 	102.186 	15.7841 	1.89836e-20
-0.0625 	0.9375 	0.5 	102.594 	15.3997 	-1.32157e-18
4.42354e-17 	0.9375 	0.5 	102.978 	14.9582 	-1.6275e-18
0.0625 	0.9375 	0.5 	103.297 	14.4601 	-6.32427e-20
0.125 	0.9375 	0.5 	103.587 	13.9056 	-5.44436e-19
0.1875 	0.9375 	0.5 	103.798 	13.3128 	4.48475e-19
0.25 	0.9375 	0.5 	103.941 	12.6863 	-2.02024e-18
0.3125 	0.9375 	0.5 	104 	12.0576 	6.75502e-19
0.375 	0.9375 	0.5 	103.983 	11.4171 	1.74786e-19
0.4375 	0.9375 	0.5 	103.896 	10.7905 	2.14743e-18
0.5 	0.9375 	0.5 	103.734 	10.1785 	-4.81825e-18
0.5625 	0.9375 	0.5 	103.505 	9.62201 	-1.60376e-18
0.625 	0.9375 	0.5 	103.206 	9.12551 	-4.68551e-19
0.6875 	0.9375 	0.5 	102.877 	8.62969 	-1.46287e-19
0.75 	0.9375 	0.5 	102.503 	8.22004 	2.16478e-18
0.8125 	0.9375 	0.5 	102.11 	7.86104 	1.3073e-18
0.875 	0.9375 	0.5 	101.697 	7.56064 	-4.87638e-21
0.9375 	0.9375 	0.5 	101.285 	7.318 	-1.24172e-18
1 	0.9375 	0.5 	100.865 	7.13338 	6.76188e-19
1.0625 	0.9375 	0.5 	100.461 	6.99985 	-7.61329e-19
1.125 	0.9375 	0.5 	100.079 	6.8971 	2.9446e-20
1.1875 	0.9375 	0.5 	99.6911 	6.83167 	-1.27088e-18
1.25 	0.9375 	0.5 	99.3505 	6.80613 	1.45498e-18
1.3125 	0.9375 	0.5 	99.0269 	6.80392 	2.21493e-19
1.375 	0.9375 	0.5 	98.7135 	6.82072 	1.72243e-18
1.4375 	0.9375 	0.5 	98.4443 	6.86472 	-3.22679e-19
